Film:
0.0                                 NaN

Filmography:
0.0                                 NaN

Gender:
0.0                                 NaN

Hair Color:
0.0                                 NaN

Person:
1.0                                 0.04270960200347994
2.0                                 0.06694047918079296
6.0                                 0.06694047918079296
12.0                                0.06694047918079296
30.0                                0.06694047918079296
36.0                                0.06694047918079296
63.0                                0.06694047918079296
120.0                               0.06694047918079296
243.0                               0.06694047918079296
510.0                               0.06694047918079296
1089.0                              0.06694047918079296
2340.0                              0.06694047918079296
5031.0                              0.06694047918079296
8106.0                              0.06694047918079296
14445.0                             0.06694047918079296
21552.0                             0.06694047918079296
35955.0                             0.06694047918079296
51894.0                             0.06694047918079296
69369.0                             0.06694047918079296
88380.0                             0.06694047918079296
108927.0                            0.06694047918079296
215490.0                            0.06694047918079296
446085.0                            0.06694047918079296
926280.0                            0.06694047918079296
1929674.9999999995                  0.06694047918079296
4013645.951214105                   0.06694047918079296
8335034.259965563                   0.06694047918079296
1.710787431020599E7                 0.06694047918079296
3.2144197485259276E7                0.06694047918079296
4.3404513927284166E7                0.06694047918079296
8.744608926055908E7                 0.10640665885454809
9.02695769140625E7                  0.17523605663226907
9.309063954125977E7                 0.29578818309888444
9.591174291796875E7                 0.3932314881372785
1.104667129056882E8                 0.5637169132142035
1.1439637318005845E8                0.6651891889752662
1.1758482697104743E8                0.7300103401345
1.2119004264229955E8                0.7999360135523693
1.2437929917471276E8                0.8146170754211304
1.2756851197406438E8                0.8264638174618976
1.3091018173367617E8                0.8392451466956075
1.3410311299547315E8                0.8468332087792504
1.3857004771724063E8                0.8616013887359458
1.4179260696647877E8                0.867478557188897
1.452048125956123E8                 0.8746917028413496
1.4843158620884815E8                0.8764442893782356
1.5165835982208395E8                0.8781026918641185
1.5490525469556934E8                0.8797602540985814
1.5813244750172704E8                0.8812232981205965
1.6135964030788472E8                0.8826825408289893
1.646317157525914E8                 0.8843165314487759
1.6785978861048535E8                0.8846083799904545
1.710878614683793E8                 0.8849001467004183
1.7431726486913046E8                0.8849467015168828
1.7756010471166277E8                0.8850396059652871
1.8078847025187483E8                0.8850417834529453
1.8401683579208687E8                0.8850421095230112
1.8724545799049422E8                0.8850528732264406
1.904738279558476E8                 0.8850528732264406
1.9370219792120093E8                0.8850528732264406
1.9693056788655427E8                0.8850528732264406
2.001589378519076E8                 0.8850528732264406
2.0338730781726098E8                0.8850528732264406
2.0661567778261432E8                0.8850528732264406
2.0984404774796766E8                0.8850528732264406
2.1307241771332103E8                0.8850528732264406
2.1630078767867437E8                0.8850528732264406
2.195291576440277E8                 0.8850528732264406
2.2275752760938105E8                0.8850528732264406
2.2598589757473442E8                0.8850528732264406
2.2921426754008776E8                0.8850528732264406
2.324426375054411E8                 0.8850528732264406
2.3567100747079447E8                0.8850528732264406
2.388993774361478E8                 0.8850528732264406
2.4212774740150115E8                0.8850528732264406
2.4535611736685452E8                0.8850528732264406
2.4858448733220786E8                0.8850528732264406
2.5181285745241845E8                0.8850528732264406
2.5504123146494904E8                0.8850528732264406
2.5826960912524158E8                0.8850528732264406
2.6149807795881763E8                0.885052670781594
2.6472664035186264E8                0.8850526717787608
2.6795520824275032E8                0.8850526717787608
2.711839702393497E8                 0.8850526717787608
2.744129432376405E8                 0.8850526717787608
2.776419394943779E8                 0.8850526717787608
2.8087227620137316E8                0.8850526718224474
2.84100693169205E8                  0.8856437442712227
2.873291101370369E8                 0.8856437450432044
2.905575285698828E8                 0.8856437457218318
2.937859818068258E8                 0.8856437457218318
2.970180433654949E8                 0.8856443432010791
3.0024650035859823E8                0.886603279255996
3.034788258345911E8                 0.8866032792559959
3.067073239817676E8                 0.886603279255996
3.099358653731622E8                 0.886603279255996
3.131643639707993E8                 0.886603279255996
3.1639286305163634E8                0.886603279255996
3.196213616542041E8                 0.886603279255996
3.2284989529578733E8                0.8865849339309506
3.260861230352221E8                 0.8865849339309506
3.293240887161804E8                 0.8865849339309506
3.325656675029569E8                 0.8865849339309507
3.3581249781631285E8                0.8865849339309506
3.39061488169283E8                  0.8865849339309506
3.422906451994666E8                 0.8865849339309506
3.4554100373412836E8                0.8865849339309506
3.4879586673309064E8                0.8865859507935506
3.520527862432728E8                 0.8865859507935506
3.553082439042697E8                 0.8865791907954025
3.585754061270488E8                 0.8865791907954025
3.618058151912564E8                 0.8865791907954025
3.650365234626203E8                 0.8865791907954025
3.6830790579533136E8                0.8865791907954025
3.7155769708026797E8                0.8865791907954025
3.748435691628898E8                 0.8865791907954025
3.7814881530779934E8                0.8866154911380726
3.813824042918575E8                 0.8883619327448498
3.846144676741423E8                 0.8883619327448498
3.878465468132573E8                 0.8883619327448498
3.910786346780304E8                 0.8883619327981915
3.943106897060496E8                 0.8883619327981915
3.9754274524530166E8                0.8883619327981915
4.0077480008884525E8                0.8883619327981915
4.0400685494321465E8                0.8883619327981915
4.0723890978284836E8                0.8883619327981915
4.104709646227112E8                 0.8883619327981915
4.137030194622619E8                 0.8883619327981915
4.169350743018176E8                 0.8883619327981915
4.201676125060245E8                 0.8883619327981915
4.234009856019123E8                 0.8883619327981915
4.26655641352681E8                  0.8883619327981915
4.299820797334426E8                 0.8883619327981915
4.332150277013632E8                 0.8883619327981915
4.3695023723483574E8                0.8886505869788555
4.4018690565879744E8                0.8886505869788555
4.434235740827592E8                 0.8886505869788555
4.4666024250672096E8                0.8886505869788555
4.498969109306827E8                 0.8886505869788555
4.531335793546444E8                 0.8886505869788555
4.56370312571267E8                  0.8886505869788555
4.59607442043526E8                  0.8886505869788555
4.628446529229053E8                 0.8886505869788555
4.660869725673255E8                 0.8886505869788555
4.693296002815661E8                 0.8886505869788555
4.7256642130981547E8                0.8886505869788555
4.758031783383108E8                 0.8886505869788555
4.7905361199645156E8                0.8886505869788555
4.823092099134447E8                 0.8886505869788555
4.855826306304971E8                 0.8886505869788555
4.888578992907147E8                 0.8886505869788555
4.921464100403064E8                 0.8886505869788555
4.9538421536951894E8                0.8886505869788555
5.0031919690816176E8                0.8905317169080993
5.0424254319790953E8                0.8905317169080993
5.0750334953464234E8                0.889269581698587
5.113358954541045E8                 0.8888279893547882
5.1589420199927944E8                0.889040168852743
5.1589420199927944E8                0.889040168852743

Profession:
0.0                                 NaN

Television Series:
13.0                                2.4546890815106588E-5
52.0                                0.00137329939050463
117.0                               0.011891999886571771
260.0                               0.021546635933392382
92695.5251858398                    0.5576743380445583
115870.42902088165                  0.8180977407082566
115870.42902088165                  0.8180977407082566

Film Genre:
0.0                                 NaN

Capital:
0.0                                 NaN

Eye Color:
0.0                                 NaN

Country:
6.999999998130579                   0.022290069517184343
27.999300563472513                  0.022290069517184343
83.56936379013385                   0.022290069517184343
212.60069370180116                  0.022290069517184343
361.9773643023508                   0.022290069517184343
1100.2639830335083                  0.05250065504791858
1294.3669251147467                  0.05250065504791858
1487.656268754581                   0.05250065504791858
1689.0005616849157                  0.05250065504791858
1887.5533843270155                  0.05244152737140146
2889.4086421621237                  0.05054830594368047
3158.5605003401843                  0.06056758147890683
2.9540317436988384E7                0.05310268229753669
3.1812649547525954E7                0.4412072423186806
3.4173774822096005E7                0.6438846276519233
4.0780448577548996E7                1.0
4.332922661364581E7                 1.0
4.587800464974262E7                 1.0
4.842678268583943E7                 1.0
5.097556072193624E7                 1.0
5.352433875803306E7                 1.0
5.607311679412987E7                 1.0
5.862189483022668E7                 1.0
6.1170672866323486E7                1.0
6.37194509024203E7                  1.0
6.626822893851711E7                 1.0
6.881701444329537E7                 1.0
7.136581850913298E7                 1.0
7.391555756443703E7                 1.0
7.647137851624662E7                 1.0
7.902883650392751E7                 1.0
8.158875162177081E7                 1.0
8.423156708564049E7                 1.0
8.688390861741823E7                 1.0
8.943931769440113E7                 1.0
9.199472677138402E7                 1.0
9.455024589290272E7                 1.0
9.711310341326259E7                 1.0
9.978491928807998E7                 1.0
1.0234350696213332E8                1.0
1.0490209463618664E8                1.0
1.0746068231023997E8                1.0
1.1002240343985252E8                1.0
1.1258971721239921E8                1.0
1.1529916110712449E8                1.0
1.178698623337188E8                 1.0
1.208583255237081E8                 1.0
1.2409174733142073E8                1.0
1.2669103797399846E8                1.0
1.2927686726882404E8                1.0
1.3186916849519156E8                1.0
1.3478749024424365E8                1.0
1.383147385475387E8                 1.0
1.419126480534257E8                 1.0
1.4588187867628327E8                1.0
1.488975064227317E8                 1.0
1.488975064227317E8                 1.0

Continent:
0.0                                 NaN

City:
3.0                                 0.004870581910147147
12.0                                0.004870581910147147
27.0                                0.004870581910147147
72.0                                0.004870581910147147
90.0                                0.004870581910147147
162.0                               0.004870581910147147
378.0                               0.004870581910147147
648.0                               0.004870581910147147
1215.0                              0.004870581910147147
2430.0                              0.004870581910147147
228572.75400886498                  0.3982016130888418
249610.04209837317                  0.3982016130888418
270563.4643410109                   0.3982016130888418
291554.74422107625                  0.3982465985406067
312406.6212357716                   0.3982465985406067
333297.2606247314                   0.3982465985406067
354220.25155516656                  0.3982465985406067
375388.13984780974                  0.39847892139018753
407258.83726397395                  0.4061332819718022
432440.1823850975                   0.4061332819718022
950777.29596194                     0.40610849690109185
996052.4052934609                   0.407891710574975
1041387.6917074354                  0.40927911276812357
1088202.211906791                   0.41101484976286834
1133543.9707362405                  0.41232399007739096
1183378.8520120578                  0.4143420898537817
1228893.4232432907                  0.4143420898537817
1274417.0178964273                  0.4143323069128255
1320728.847964209                   0.4143305286250435
1367245.9600312056                  0.4143305286250435
1415549.244179623                   0.4143305286250435
1556075.4371705744                  0.418199211369977
2.8771018213530466E7                0.25276207515693544
2.9642867250304114E7                0.46840774179919453
3.0592025312999688E7                0.5728887026620942
3.5100092259427994E7                0.7607320106779222
3.632184923776536E7                 0.8688772940201651
3.730352083878604E7                 0.899563291763683
3.832874182688373E7                 0.9212992468106324
3.9572614123303525E7                0.9473914364243782
4.056192947638611E7                 0.9590813403266708
4.15512448294687E7                  0.9688240640727672
4.254497917635349E7                 0.9757758678337103
4.353439729673381E7                 0.978304594306543
4.452779763832748E7                 0.9800932738818527
4.557538938404363E7                 0.9818941631481884
4.656615871847936E7                 0.9818941631481884
4.755692805291508E7                 0.9818941631481884
4.854771448288289E7                 0.9818941631481884
4.953851905506062E7                 0.9818941631481884
5.052963037101492E7                 0.9818941631481884
5.1520407437113255E7                0.9818941631481884
5.25111908256943E7                  0.9818941631481884
5.350197367728839E7                 0.98188437834613
5.449340339430378E7                 0.98188437834613
5.548419254692748E7                 0.98188437834613
5.647569733419018E7                 0.98188437834613
5.747054216008468E7                 0.9818826000583479
5.8465787184370466E7                0.9818826000583479
5.9464270093025684E7                0.9818826000583479
6.0520666330767885E7                0.9818826000583479
6.172518063390744E7                 0.9823477567221532
6.304903554890202E7                 0.9823477567221532
6.462992221690712E7                 0.9823477567221532
6.5652010923920006E7                0.9823477567221532
6.666230031852937E7                 0.9823477567221532
6.666230031852937E7                 0.9823477567221532

City USA:
85.15153711584874                   0.38939603490182223
170.30307423169748                  0.39670489483670124
366.30419186565143                  0.3968549694167599
535.1832846061438                   0.39849537584190325
721.4486149716879                   0.4000506673531272
911.4650689350406                   0.40113668834856586
1098.3772148327962                  0.40247797109178274
1276.6973553439748                  0.40247797109178274
1449.5697705063249                  0.40247797109178274
1626.5639900049084                  0.40513837315076956
1789.2262093449226                  0.4051334791081987
1952.4245763077352                  0.40512988115696497
2117.0027741269246                  0.40512988115696497
2347.9027511151457                  0.409028902043189
2912.811683714278                   0.4220114857491657
4158.239436199632                   0.4220114857491657
4418.129400962109                   0.4220114857491657
4678.019365724586                   0.4220114857491657
4938.098333201765                   0.4220114857491657
5202.867311828426                   0.4220114857491657
5469.971990250193                   0.4220114857491657
5744.952674719087                   0.4220114857491657
6026.295410775168                   0.4220114857491657
6560.658761371183                   0.4220114857491657
247668.9789302091                   0.271331344389605
257575.7380874175                   0.4870539602648017
268174.393548018                    0.5907578447489626
310897.9269913883                   0.7770571832332788
324245.18383881875                  0.8764996427402943
335426.0522470539                   0.907196854466786
347008.52113513753                  0.928941644050097
360625.52290269214                  0.9521138374450631
371895.07049340126                  0.9638080133408692
383164.61808411044                  0.9735094657693074
394475.8946837636                   0.9793652777487617
405746.6345318712                   0.9812390031156396
417055.36091502255                  0.9827246111525378
428883.80769888876                  0.9850729084645801
440170.2236909647                   0.9850729084645801
451456.6396830408                   0.9850729084645801
462743.22162826225                  0.9850729084645801
474029.98166966485                  0.9850729084645801
485316.46215010306                  0.9850680144220093
496606.303973965                    0.9850680144220093
507892.8108824642                   0.9850680144220093
519179.38145361893                  0.9850680144220093
530472.3579243484                   0.9850680144220093
541759.0038376326                   0.9850680144220093
553052.7869476358                   0.9850680144220093
564380.0150169099                   0.9850645131945129
575711.4757671715                   0.9850645131945129
587075.7216640561                   0.9850645131945129
599024.1169862913                   0.9850645131945129
612472.3855552464                   0.985529839057777
627139.4660571713                   0.985529839057777
644430.875515989                    0.985529839057777
656063.1579345469                   0.985529839057777
667575.6729429761                   0.985529839057777
667575.6729429761                   0.985529839057777

Award:
0.0                                 NaN
