Film:
213.0                           0.9476400482539206
852.0                           1.0
1917.0                          1.0
5112.0                          1.0
12780.0                         1.0
30671.999999999724              1.0
71567.99537003829               1.0
163583.99999999662              1.0
276047.9998177242               1.0
511199.5733187283               1.0
1012030.3719573389              1.0
1012030.3719573389              1.0

Filmography:
0.0                             NaN

Gender:
0.0                             NaN

Hair Color:
0.0                             NaN

Person:
12.0                            0.5169417980490145
24.0                            0.5189702592134846
36.0                            0.520684308897462
96.0                            0.5209433763719187
120.0                           0.5209433763719187
216.0                           0.5209433763719187
336.0                           0.5209433763719187
672.0                           0.5209433763719187
1404.0                          0.5209433763719187
3000.0                          0.5209433763719187
6600.0                          0.5210399900587955
14400.0                         0.5210890818256502
31200.0                         0.5210944819086977
67200.0                         0.5210944819086977
144000.0                        0.5210944819086977
307200.0                        0.5210944819086977
652800.0                        0.5210944819086977
1382400.0                       0.5210944819086977
1459200.0                       0.5210944819086977
2303999.9999973825              0.5210944819086977
4031999.725340672               0.5210944819086977
7602406.785749333               0.5210944819086977
1.4897351348437311E7            0.5210944819086977
2.2190930475131664E7            0.5210944819086977
2.908121293579967E7             0.5210944819086977
3.546450131114898E7             0.5210944819086977
4.137359160100205E7             0.5210944819086977
8.895726408874512E7             0.9105292238202034
9.21433500160353E7              0.938737598295018
9.565794257994042E7             0.9625166955853083
9.884654066593845E7             0.9794005852123958
1.0203513875193647E8            0.9898372756786206
1.0522373683793446E8            0.9950475792350397
1.084238759296816E8             0.9983602594398454
1.1161285373401445E8            0.9993178584893875
1.1480179241212915E8            0.999505491147101
1.1799073109024385E8            0.999505491147101
1.2117966976835856E8            0.999505491147101
1.2436860844647326E8            0.999505491147101
1.2755754712458795E8            0.999505491147101
1.3074648580270265E8            0.999505491147101
1.3393542448081735E8            0.999505491147101
1.3712436315893206E8            0.999505491147101
1.4031340310494193E8            0.999505491147101
1.435024902177037E8             0.999505491147101
1.4669227769554037E8            0.999505491147101
1.4988237607415092E8            0.999505491147101
1.530732408865763E8             0.999505491147101
1.5626229316370317E8            0.999505491147101
1.5945131955649272E8            0.999505491147101
1.626450535588667E8             0.999505491147101
1.6583632572212258E8            0.999482137044369
1.6903214727159208E8            0.999482137044369
1.7225306661858723E8            0.999482137044369
1.7547681498576298E8            0.999482137044369
1.7870772804627603E8            0.999482137044369
1.8203258191063565E8            0.999482137044369
1.852261359792433E8             0.999482137044369
1.886393779725808E8             0.9997368913037102
1.9183665556533638E8            0.9997368913037102
1.95033933158092E8              0.9997368913037102
1.982312107508476E8             0.9997368913037102
2.014362795562774E8             0.9997368913037102
2.046494239991974E8             0.9997368913037102
2.0807722327022126E8            0.999732959269522
2.132389151973595E8             0.999732959269522
2.1646980785186496E8            0.999732959269522
2.197007005063704E8             0.999732959269522
2.2295621601345104E8            0.999732959269522
2.2623091680953118E8            0.999732959269522
2.2946370310320535E8            0.999732959269522
2.3269560555419764E8            0.999732959269522
2.3592748937158516E8            0.999732959269522
2.3915937279620788E8            0.999732959269522
2.4711097079919937E8            0.999732959269522
2.5040582473063675E8            0.999732959269522
2.5388086552571622E8            0.999732959269522
2.722946833012669E8             0.999732959269522
2.95540633289122E8              0.999732959269522
3.459061489987279E8             0.999732959269522
3.5180442302182364E8            0.999732959269522
3.518044230218237E8             0.999732959269522

Profession:
0.0                             NaN

Television Series:
13.0                            0.18816490851592071
52.0                            0.18816490851592071
156.0                           0.18816490851592071
416.0                           0.18816490851592071
780.0                           0.18816490851592071
1248.0                          0.18816490851592071
2548.0                          0.18816490851592071
5407.999999998035               0.18816490851592071
12167.993118504743              0.18816490851592071
27039.077469853124              0.18816490851592071
44569.04770600689               0.18816490851592071
79807.93070842072               0.18816490851592071
360850.1005726545               0.4482090766122414
390292.6930499077               1.0
390292.6930499077               1.0

Film Genre:
0.0                             NaN

Capital:
0.0                             NaN

Eye Color:
0.0                             NaN

Country:
86.91039179841025               0.9405081262130732
220.30406838001875              0.947680980583491
379.9330172938555               0.947680980583491
541.6253835514808               0.947680980583491
717.8763908619339               0.9549068756971242
906.3272134900326               0.9673760339964305
1198.1010359227657              1.0007764146835765
1560.7657778263092              1.0007764146835765
1755.8628889024258              1.0007764146835765
2714.9718917906284              1.0007764146835765
6119.128777831793               1.0007764146835765
15805.164377689362              1.0007764146835765
44901.01013600826               1.0007764146835765
127819.22906446457              1.0007764146835765
362005.14778375626              1.0007764146835765
1.580343367578125E7             1.0007764146835765
1.6792552320736326E7            1.0007764146835765
6.380130999352533E9             1.0007764146835765
6.738760957696854E9             1.0007764146835765
5.133035710629465E13            1.0
5.709348426998583E13            1.0
6.2688930433954125E13           1.0
6.7652822586754984E13           1.0
7.193691896259938E13            1.0
7.571312401073244E13            1.0
7.91776992885234E13             1.0
8.251191991095211E13            1.0
8.578677055905712E13            1.0
8.889931823917244E13            1.0
9.204470346027522E13            1.0
9.512910809930156E13            1.0
9.831228178568908E13            1.0
1.0139231319646944E14           1.0
1.0460142229931372E14           1.0
1.0795844139525286E14           1.0
1.1143582467724377E14           1.0
1.1531090998361136E14           1.0
1.1925786297803777E14           1.0
1.3692992267548444E14           1.0
1.6231980813763722E14           1.0
1.6231980813763722E14           1.0

Continent:
6.228484671083053               0.9863085757370842
16.8025705699933                0.9863085757370842
27.52011794319768               0.9863085757370842
42.0185129249528                1.0
54.97074156927738               1.0
66.75456351286266               1.0
80.78840041077804               1.0
120.0284806102988               1.0
175.541652892562                1.0
175.541652892562                1.0

City:
3.0                             0.0010778606975867095
12.0                            0.0010920071421565366
36.0                            0.0010920071421565366
72.0                            0.0010920071421565366
96117.66654763662               0.9884605345540027
116977.77603096818              0.9884605345540027
137919.48719889717              0.9887853370210236
158339.6065979004               0.9933494560362286
178246.32917781573              0.9934119849451334
203557.4300494172               1.0015421801528468
302282.7836233846               1.0015421801528468
690502.7861582178               1.0015421801528468
749102.5405130174               1.0015421801528468
809800.3616773915               1.0015421801528468
923816.6023248401               1.0015421801528468
1.7667500386945747E7            0.9996897751923673
1.877171916112985E7             0.9999507403295353
1.9877709696452044E7            0.9999507403295353
2.103518499546557E7             0.9999815889313367
2.2218490693077292E7            0.9999815905337658
2.348854052610484E7             0.9999815905337658
2.7449725143003393E7            1.0
2.7449725143003393E7            1.0

City USA:
85.15153711584874               0.975599749648312
170.30307423169748              0.9784834513407148
317.3413165917116               0.9784834513407148
475.0598857188222               0.9784834513407148
670.7148860164989               0.9907219931337846
944.3616802886536               1.0041202127830475
1334.0292079054925              1.0041202127830475
1526.164061196411               1.0041202127830475
1719.9316410687106              1.0041202127830475
1967.8210506326868              1.0041202127830475
4801.187450603812               1.0041202127830475
189815.91397329082              0.9991689842300028
205633.9068043984               0.9998691353617
221472.05458554742              0.9998691353617
237905.28874597902              0.9999518754280515
254657.1241162392               0.9999518754280642
272457.2333427846               0.9999518754280642
322501.38183820795              1.0
322501.38183820795              1.0

Award:
0.0                             NaN
