85.15153711584874           0.14101551280467978
12459.141881566815          0.525572671215553
12465.370366237898          0.6655818896882816
12552.280758036308          0.8057784811830373
12564.280758036308          0.8908031263583962
2582250.353083919           0.9533628535244694
2582483.6863398934          0.9578459826382826
8376682.962902407           0.9616411405721962
8403584.37661811            0.963423220715638
1.1193427438923838E7        0.9680517121897807
1.1193438886915525E7        0.969995247568044
1.1214771335630948E7        0.9731330180492432
1.1214984335630948E7        0.9751500856568677
1.4003419438429479E7        0.9771992155112946
1.4003894438429479E7        0.9791205363372253
1.4004112886255769E7        0.9810703671548334
1.4040190235607846E7        0.9852664932564231
1.682862533840638E7         0.9864751915997702
1.682879304397597E7         0.9882562555452346
1.6828979075609725E7        0.9899994693679158
1.6849997036940135E7        0.9914303803353877
1.685016587291267E7         0.9926860770609502
1.977547436654804E7         0.9930115007138304
1.977564322745759E7         0.9941527416551038
2.525108445568053E7         0.9952343587481811
2.839250449801172E7         0.9960913299058867
3.1575007066695537E7        0.9969209519517497
3.1595209753253605E7        0.9973623225507152
3.474442146820893E7         0.9978334739043702
3.474457856985327E7         0.9982531364099734
3.789045534390816E7         0.9984106387046513
4.103631963046438E7         0.9986925591582558
4.4233534800518386E7        0.998734460181909
4.738306700732445E7         0.9987653212966527
5.0532599214130506E7        0.9990989549695575
5.053278218143829E7         0.9991870180742461
5.404679271291982E7         0.9993060026626157
5.404696387448434E7         0.9993907898911852
5.404760287448433E7         0.9995022389195355
5.404930687448434E7         0.9995022389195355
5.728596340580173E7         0.9995598509403905
5.733831004309678E7         0.9995598509590777
5.736622629323754E7         0.9995876922741016
6.054084753610956E7         0.9996185533888453
6.056849524175886E7         0.999646912197863
6.0589367491158925E7        0.9996630712480505
6.0589367491158925E7        0.9996630712480505
6.376403455822682E7         0.9996630712480505
6.378437111597356E7         0.9996630712480505
6.3854532240199804E7        0.9996630712480505
6.388203173906206E7         0.9996657359955873
6.3909491735258214E7        0.999726918617812
6.3909493735258184E7        0.999726918617812
6.708411726934E7            0.9997486048065509
6.708837726934E7            0.9997486048065509
6.708839550276707E7         0.9997486048065509
6.7088758167508975E7        0.9997486048065509
6.711639249240403E7         0.9997567430348033
6.718669592375939E7         0.9997567430348033
7.036131945784119E7         0.9997567430348033
7.036132145784116E7         0.9997567430348033
7.495768064534234E7         0.9997567430348033
8.010203428458485E7         0.9997566465812592
8.010204028458486E7         0.9997566465812592
8.010800428458485E7         0.9997566465812592
8.010800428458485E7         0.9997566465812592
8.060065227821237E7         0.9998467950370027
8.110952587819876E7         0.9998528175224528
8.110952787819876E7         0.9998528175224528
8.440114513005956E7         0.9998528175224528
8.839120819903766E7         0.9998528175224528
8.839136627351299E7         0.9998528175224528
8.842406345058304E7         0.999852814762568
8.843063614319102E7         0.9998528147625761
8.894832485350099E7         0.9998528150754139
8.895404718931967E7         0.9999489817129978
6.514311845515001E8         0.9999489817129978
6.527854060188216E8         0.9999525763809516
6.527913092784451E8         0.9999525763809525
6.560600995687706E8         0.9999525763809525
8.544651064180263E8         0.9999525763809525
8.54477619846545E8          0.9999560781437256
8.577464101368706E8         0.9999560781437256
