0.0                             0.0
0.0                             0.0
0.0                             0.0
0.0                             0.0
0.0                             0.0
0.0                             0.0
0.0                             0.0
0.0                             0.0
0.0                             0.0
0.0                             0.0
0.0                             0.0
1.998046875                     0.0
19.9801046372595                0.0
29.97015695588925               0.0
29.97015695588925               0.0
29.97015695588925               0.0
29.97015695588925               0.0
42.97015695588925               7.1545970643474535E-9
52.980096569073794              7.1545970643474535E-9
52.980096569073794              7.1545970643474535E-9
52.980096569073794              7.1545970643474535E-9
52.980096569073794              7.1545970643474535E-9
62.98755783317392               7.1545970643474535E-9
64.98658127067392               7.1545970643474535E-9
64.98658127067392               7.1545970643474535E-9
64.98658127067392               7.1545970643474535E-9
64.98658127067392               7.1545970643474535E-9
64.98658127067392               7.1545970643474535E-9
64.98658127067392               7.1545970643474535E-9
64.98658127067392               7.1545970643474535E-9
64.98658127067392               7.1545970643474535E-9
64.98658127067392               7.1545970643474535E-9
64.98658127067392               7.1545970643474535E-9
64.98658127067392               7.1545970643474535E-9
64.98658127067392               7.1545970643474535E-9
103.98658127067392              4.002708066688367E-7
103.98658127067392              4.002708066688367E-7
105.98658127067392              4.002708066688367E-7
156.56484602156817              1.4525945872979592E-5
221.56484602156817              1.759179630408541E-5
221.56484602156817              1.759179630408541E-5
71336.92815248555               1.0535045184772619E-4
71336.92815248555               1.0535045184772619E-4
71422.07968960139               0.024725827926020145
71640.52751589258               0.02684749026519755
71892.96425286224               0.02686128565692708
93356.12613223805               0.026932604317979114
93362.12613223805               0.026932604317979114
93362.12613223805               0.026932604317979114
93372.13110834773               0.026932604317979114
93372.13110834773               0.026932604317979114
93382.13421898414               0.026932604317979114
93578.04766723936               0.026932604317979114
93580.04766723936               0.026932604317979114
93584.04766723936               0.026932604317979114
94220.13201620402               0.026932604317979114
94408.119403362                 0.027877886926757453
94524.85991146427               0.027882412895724178
94524.85991146427               0.027882412895724178
94524.85991146427               0.027882412895724178
94712.84856341791               0.027882412895724178
94928.83184147014               0.027882412895724178
94930.83184147014               0.027882412895724178
94939.83184147014               0.027882412895724178
141500.47412237656              0.026064560343089505
141888.81520537968              0.026521352893466042
141909.81520537968              0.026521352893466042
194828.43498720689              0.026064560343089505
194828.43498720689              0.026064560343089505
194828.43498720689              0.026064560343089505
201641.49693127436              0.026064560343089505
201695.49693127436              0.026064560343089505
201929.49693127436              0.02653720164747867
202135.76988627104              0.02653720164747867
213109.73687307158              0.02653720164747867
222415.59337002126              0.02653720164747867
249974.11441022245              0.02653720164747867
249974.11441022245              0.02653720164747867
249974.11441022245              0.02653720164747867
249976.11245709745              0.02653720164747867
259094.18810135213              0.02653720164747867
268400.0445983018               0.02653720164747867
268402.0445983018               0.02653720164747867
268807.7690756191               0.02653602929738811
277938.77504347457              0.02653602929738811
277956.75710123684              0.02653602929738811
277966.7620690264               0.02653602929738811
278209.7620690264               0.02653602929738811
278213.7620690264               0.02653602929738811
287558.5445383521               0.02653602929738811
296953.5534102744               0.02653602929738811
296953.5534102744               0.02653602929738811
324070.5534102744               0.02653602929738811
334198.0066866702               0.02653602929738811
343515.69277070224              0.02653602929738811
343515.69277070224              0.02653602929738811
343515.69277070224              0.02653602929738811
343517.69277070224              0.02653602929738811
352558.69277070224              0.02653602929738811
353215.69277070224              0.02653602929738811
362418.8518378562               0.026699813676000425
416664.8515070052               0.026699813676000425
543214.5488927581               0.026699813676000425
543682.7064190548               0.02671357529083848
578051.2326875909               0.02670896655387336
2843617.0484154415              0.02670896655387336
2843619.0484154415              0.02670896655387336
2843629.053389281               0.02670896655387336
2843633.0543658435              0.02670896655387336
2870345.0543658435              0.02670896655387336
2870351.0543658435              0.02670896655387336
2914871.0543658435              0.02670896655387336
3008363.0543658435              0.02670896655387336
3208703.0543658435              0.02670896655387336
3583287.5564947426              0.02670896655387336
3944406.114150554               0.02670896655387336
3944406.114150554               0.02670896655387336
3954839.7455535233              0.02670896655387336
3955100.1625588476              0.02721583566996537
4322116.613668619               0.02721583566996537
4322116.613668619               0.02721583566996537
4331319.678653894               0.027972061756988038
4340983.393639741               0.027972061756988038
4350217.240941686               0.028023395703886834
4350230.240941686               0.028023395703886834
4350269.240941686               0.028023395703886834
4378012.494465864               0.028042848012635138
4388335.066560324               0.028042848012635138
4820179.066560222               0.028042848012635138
2.5586689251619708E7            0.028042848012635138
2.5980881967583727E7            0.05314127953765223
2.599122240433483E7             0.053146526893897775
3.051915758119607E7             0.053146526893897775
3.0519433833718497E7            0.053146526893897775
3.0519445833718497E7            0.053146526893897775
3.0881212900958613E7            0.05390275298092044
3.0882661900958613E7            0.05390275298092044
3.089299088860879E7             0.05404555998788002
3.1254757955848906E7            0.05404555998788002
3.1265081741953984E7            0.05430256679614196
3.127449723484675E7             0.05430256679614196
3.127565223481218E7             0.055040121743671275
3.128597602091726E7             0.05730880000473928
3.223296348816959E7             0.058134714435093056
3.587882721111599E7             0.058134714435093056
3.8621599077153474E7            0.058134714435093056
3.863192592739124E7             0.058134714435093056
4.151141545648782E7             0.058134714435093056
4.193601025582438E7             0.058134714435093056
4.194665618099265E7             0.05818672010966631
4.1956243606706284E7            0.05818672010966631
4.446322871691657E7             0.05818672010966631
4.446323671691657E7             0.05818672010966631
4.685134601438197E7             0.05818672010966631
4.685134601438197E7             0.05818672010966631
4.686095411544502E7             0.05818672010966631
4.926433133581042E7             0.05818672010966631
4.927375976312107E7             0.05818672010966631
4.973740449954697E7             0.05818672010966631
5.0146922820516266E7            0.05818672010966631
5.01577116280434E7              0.05831682500241779
5.016806702313319E7             0.05831682500241779
5.016810302313319E7             0.05831682500241779
5.0217429014082134E7            0.05831682500241779
5.0217608590520136E7            0.05831682500241779
5.261061065968209E7             0.05831682500241779
5.2649801359001525E7            0.05932550529233305
5.5000516913216166E7            0.05932550529233305
5.5010872408571966E7            0.05932550529233305
5.5020897068974376E7            0.05932550529233305
5.503035862034567E7             0.05932550529233305
5.543967282825459E7             0.05932550529233305
5.5440041413729675E7            0.05932550529233305
5.5449569950541E7               0.05932550529233305
5.58582939175418E7              0.05932550529233305
6.401828717784971E7             0.05932550529233305
6.442701402419833E7             0.05932550529233305
6.4836630013473794E7            0.059447423003997385
6.4836630013473794E7            0.059447423003997385
6.4836630013473794E7            0.059447423003997385
6.503975341717459E7             0.05992515463008042
6.506092501803203E7             0.05993509097564056
6.5072825761578545E7            0.05993509097564056
6.508323842582207E7             0.05993509097564056
6.574201219379385E7             0.06158659103825446
6.574201417816885E7             0.06158659103825446
6.5742231551765345E7            0.06158659103825446
6.575169645240864E7             0.06158659103825446
6.827884540657803E7             0.06158659103825446
6.827884907103747E7             0.06158659103825446
6.83652226877402E7              0.06158659103825446
6.837521377626586E7             0.06158659103825446
6.837678577626586E7             0.06158659103825446
6.83767919849775E7              0.06158659103825446
6.837700935930477E7             0.06165482542808827
7.090415831347418E7             0.06165482542808827
7.343130726764359E7             0.06165482542808827
7.595845622181298E7             0.06165482542808827
7.595846464038876E7             0.06165482542808827
7.600074060397536E7             0.06179086622546291
7.642087114836678E7             0.12928282915788858
7.642087885283817E7             0.12928282915788858
7.894802780700758E7             0.12928282915788858
7.894802780700758E7             0.12928282915788858
7.895753969666758E7             0.12928282915788858
7.937767024105899E7             0.12949918877186628
7.937789343026553E7             0.12949918877186628
7.938739955844069E7             0.12949918877186628
7.938740911208157E7             0.12949918877186628
7.98075470557519E7              0.12949918877186628
8.23346960099213E7              0.12949918877186628
8.233470435838509E7             0.12949918877186628
8.233697235838509E7             0.12949918877186628
8.233698435838509E7             0.12952733636510746
8.233702035838509E7             0.12952733636510746
8.233711635838509E7             0.12952733636510746
8.469284672824946E7             0.12952733636510746
8.470256096178953E7             0.12952733636510746
8.722970991595893E7             0.12952733636510746
8.975688622860463E7             0.12952733636510746
8.975688622860463E7             0.12952733636510746
9.014403900096759E7             0.12952733636510746
9.014404100096759E7             0.12952733636510746
9.014425909703898E7             0.12952733636510746
9.014425909703898E7             0.12952733636510746
9.01556155825404E7              0.12954405565865584
9.01556215825404E7              0.12954405565865584
9.057575358008426E7             0.12954405565865584
9.058560860983089E7             0.12954405565865584
9.058562460983089E7             0.12954405565865584
9.06074789821884E7              0.12954405565865584
9.06184892084775E7              0.12954405565865584
9.105749049734585E7             0.12954405565865584
9.105773049734585E7             0.12954405565865584
9.108526014298831E7             0.12954405565865584
9.108527034382415E7             0.12954405565865584
9.143924505839033E7             0.12954405565865584
9.143928505839033E7             0.12954405565865584
9.469338090983224E7             0.12954405565865584
9.469338290983224E7             0.12954405565865584
9.753274158173986E7             0.12954405565865584
9.753274558173986E7             0.12954405565865584
9.754257517275292E7             0.12954405565865584
9.754258231543869E7             0.12954405565865584
9.755307958670178E7             0.12954400480522463
9.756379729708068E7             0.12954400480522463
9.756389329708068E7             0.12954400480522463
9.757353252418277E7             0.12954400480522463
9.757354252791478E7             0.12954400480522463
9.758396697344664E7             0.12954400480522463
9.760714187728168E7             0.12961990952644561
9.760771787728168E7             0.12961990952644561
9.767974987728168E7             0.12983843581597646
9.767975732466307E7             0.12983843581597646
9.767976447405694E7             0.12983843581597646
9.767983347405694E7             0.12983843581597646
9.777608947405694E7             0.13009309080563033
1.083202860880563E8             0.13009309080563033
1.083204070880563E8             0.13009309080563033
1.083204070880563E8             0.13009309080563033
1.083206960880563E8             0.13009309080563033
1.083220400880563E8             0.13009309080563033
1.1147397123512478E8            0.13009309080563033
1.1426585450546184E8            0.13009309080563033
1.1462969491896266E8            0.13009309080563033
1.1462970208792946E8            0.13009309080563033
1.1721475188499114E8            0.13009309080563033
1.1721475188499114E8            0.13009309080563033
1.1725702714112371E8            0.1301538960005514
1.1726009914112371E8            0.1301538960005514
1.1726019614112371E8            0.1301538960005514
1.1726710814112371E8            0.1301538960005514
1.1762235940453471E8            0.1301538960005514
1.208394865868579E8             0.1301538960005514
1.3372926879663174E8            0.1301538960005514
1.3373891665874995E8            0.13030253113213303
1.3374736465874995E8            0.13030253113213303
1.3634886304496378E8            0.13030253113213303
1.3636268704496378E8            0.13030253113213303
1.3640592740294674E8            0.1303669162499621
1.377272714027571E8             0.1303669162499621
1.377372680770895E8             0.13036691727231225
1.3774697918400756E8            0.13036691727231225
1.393493767118683E8             0.13036691727231225
1.393493767118683E8             0.13036691727231225
1.3934938379453173E8            0.13036691727231225
1.3934960197844636E8            0.13036691727231225
1.3939795554080665E8            0.13037942852132078
1.3941861650150985E8            0.13056572500588634
1.3941977150147527E8            0.13056572500588634
1.5016527005044693E8            0.13056572500588634
1.5016527005044693E8            0.13056572500588634
1.5018648244458145E8            0.13057372788150187
1.5054196868668634E8            0.13057372788150187
1.5054218890440825E8            0.13057372788150187
1.5054219599125245E8            0.13057372788150187
1.5402721837147674E8            0.13057372788150187
1.574567645240078E8             0.13057372788150187
1.6063676707448784E8            0.13057372788150187
1.6389398819841683E8            0.13057372788150187
1.6762567195068017E8            0.13057372788150187
1.6762913641541043E8            0.13057372788150187
1.6762914349983472E8            0.13057372788150187
1.6762915058289427E8            0.13057372788150187
1.676529393321292E8             0.13057372788150187
1.680754018786414E8             0.13057372788150187
1.680754018786414E8             0.13057372788150187
1.6808619264389998E8            0.13063643878363798
1.7681418148942095E8            0.13063643878363798
1.796298590290442E8             0.13063643878363798
1.8223135741525805E8            0.13102140310281168
1.846488278363486E8             0.13102140310281168
1.846596000681665E8             0.13102140310281168
1.8465982502429977E8            0.13102140310281168
1.8737366899533683E8            0.13102140310281168
1.974947170256098E8             0.13102140310281168
2.002888687799433E8             0.13102140310281168
2.0248321234423053E8            0.13102140310281168
2.0249671034592715E8            0.13120004552545356
2.0253933899714115E8            0.13119994494205064
2.0253934899962962E8            0.13119994494205064
2.0255098031308672E8            0.13129571242251864
2.025509873961463E8             0.13129571242251864
2.0456418799253333E8            0.13129571242251864
2.1198765994029573E8            0.13129571242251864
2.125737073129264E8             0.13129571242251864
2.1257945820713115E8            0.13129571242251864
2.1771322716124558E8            0.13129571242251864
2.1772491639905512E8            0.13129571242251864
2.1772491739905512E8            0.17203975606738678
2.177359290433516E8             0.17203975606738678
2.1774687381990162E8            0.17203975606738678
2.2054324266438407E8            0.17203975606738678
2.2056054281427526E8            0.17203975606738678
2.2056054281427526E8            0.17203975606738678
2.205723078687759E8             0.1721119319192878
2.323961139467104E8             0.1721119319192878
2.323961212897886E8             0.1721119319192878
2.3281641794360524E8            0.1721119319192878
2.3322587757977286E8            0.1721119319192878
2.351597337718029E8             0.1721119319192878
2.351597337718029E8             0.1721119319192878
2.3795520343073845E8            0.1721119319192878
2.3796613549130082E8            0.1721119319192878
2.3796613749130082E8            0.1721119319192878
2.3981591569421268E8            0.1721119319192878
2.3982793499534416E8            0.1722770847684072
2.3982793799534416E8            0.1722770847684072
2.3982793997971916E8            0.1722770847684072
2.3982795188443238E8            0.1722770847684072
2.416453939519661E8             0.1722770847684072
2.416453959519661E8             0.1722770847684072
2.4164540297940177E8            0.1722770847684072
2.4164541097940177E8            0.1722770847684072
2.4167419436473107E8            0.1722770847684072
2.4210997045323026E8            0.17248194973097958
2.4215241895964503E8            0.17277136825708336
2.421636640587863E8             0.17277136825708336
2.4217458360431585E8            0.2395969725992363
2.4217460360431585E8            0.2395969725992363
2.4217461071682507E8            0.2395969725992363
2.4220527567506063E8            0.2395969725992363
2.4400296243878043E8            0.2395969725992363
2.4400296948508486E8            0.2395969725992363
2.440029766960553E8             0.2395969725992363
2.4679857623695248E8            0.2395969725992363
2.4959398448499238E8            0.2395969725992363
2.4959399158331668E8            0.2395969725992363
2.5238941988223946E8            0.2395969725992363
2.5238946788223946E8            0.2395969725992363
2.523894749805357E8             0.2395969725992363
2.523894749805357E8             0.2395969725992363
2.523895869805357E8             0.2395969725992363
2.5518503680911505E8            0.2395969725992363
2.5539170205193508E8            0.2395969725992363
2.5576721689878166E8            0.2395969725992363
2.557786099388731E8             0.2395969725992363
2.585870829222868E8             0.2395969725992363
2.5896116710480702E8            0.2395969725992363
2.61143780683302E8              0.2395969725992363
2.6118787216626525E8            0.2395969725992363
2.6160957327734894E8            0.2395969725992363
2.8160660367035437E8            0.2551308915135921
2.842111048003361E8             0.2551308915135921
2.842111127352723E8             0.2551308915135921
2.870175492380799E8             0.2551308915135921
2.870175532380799E8             0.2551308915135921
2.888169213334795E8             0.2551308915135921
2.9170164623057425E8            0.2551308915135921
2.917446370228961E8             0.25538183482528726
2.9174464409651464E8            0.25538183482528726
2.935862383629331E8             0.25538183482528726
2.9358624540623176E8            0.25538183482528726
2.939637444021344E8             0.25538183482528726
2.967444300621064E8             0.25538183482528726
2.999959578897431E8             0.25538183482528726
3.017706576766083E8             0.25538183482528726
3.017706616766083E8             0.25538183482528726
3.045501224427829E8             0.25538183482528726
3.0455012957910824E8            0.25538183482528726
3.073455409087193E8             0.25538183482528726
3.073455480368414E8             0.25538183482528726
3.091243326840582E8             0.25538183482528726
3.1190499496780586E8            0.25538183482528726
3.119489211571497E8             0.25538183482528726
3.119489301571497E8             0.25538183482528726
3.1194893729348576E8            0.25538183482528726
3.119597429569292E8             0.25538183482528726
3.119711346876576E8             0.25538183482528726
3.1492675556223285E8            0.2854826713023066
3.149692673339768E8             0.2854826713023066
3.149806571316079E8             0.28548267130230665
3.149914680150131E8             0.28548267130230665
3.1685258950714993E8            0.28548267130230665
3.1788001709605163E8            0.28548267130230665
3.178800242379252E8             0.28548267130230665
3.1792393514505064E8            0.2854826713023066
3.179353249991965E8             0.2854826713023066
3.2076289379325914E8            0.2854826713023066
3.2359324155547106E8            0.2854826713023066
3.239765630485108E8             0.2854826713023066
3.2681647082612956E8            0.2854826713023066
3.2682247582612956E8            0.2854826713023066
3.2682247582612956E8            0.28548267130230665
3.2970502485467994E8            0.28568230974389885
3.297518375597661E8             0.28568230974389885
3.301921945596185E8             0.28568230974389885
3.330229100147307E8             0.28568230974389885
3.3585362546984285E8            0.28568230974389885
3.358536274678897E8             0.28568230974389885
3.358536294678897E8             0.28568230974389885
3.384647961216872E8             0.28568230974389885
3.385490211216872E8             0.28568230974389885
3.419553814737704E8             0.2856877857068435
3.4373566708666354E8            0.2856877857068434
3.4411041717044175E8            0.2856877857068435
3.441104242266791E8             0.28568778570684344
3.44110430226679E8              0.28568778570684344
3.44110566226679E8              0.28568778570684344
3.441216865487221E8             0.2858693116970561
3.441331171371616E8             0.28586931169705604
3.445761848566428E8             0.28586931169705604
3.4495175002079207E8            0.28586931169705604
3.449914460360055E8             0.2858693116970561
3.478420113151511E8             0.285869311697056
3.506925765942968E8             0.28610391472212354
3.508337989794091E8             0.2861039147221236
3.5121794117930883E8            0.28610391472212354
3.512179431773557E8             0.2861039147221236
3.5406850845650136E8            0.2861039147221235
3.5414130795119834E8            0.28647931543181965
3.5414131184910226E8            0.28647931543181965
3.5704102769454664E8            0.29659910493428776
3.599188806851697E8             0.2968049749985287
3.599302203588813E8             0.2968049749985287
3.62736181740926E8              0.29683836509853156
3.627814444782062E8             0.29683836509853156
3.6563320887764317E8            0.29683836509853156
3.6563344887764317E8            0.29683836509853156
3.6563345277554715E8            0.29683836509853156
3.656334600527457E8             0.29683836509853156
3.6849980157206833E8            0.29683836509853156
3.712848316159716E8             0.29683836509853156
3.7128483871539694E8            0.29683836509853156
3.712848457762687E8             0.29683836509853156
3.7407494109908575E8            0.2968383651009467
3.802927893200281E8             0.2968383651009467
3.806680702403358E8             0.2968383651009467
3.807436113442341E8             0.2968383651009467
3.811285301359749E8             0.2968383651009467
3.8393449151801974E8            0.2968383651009467
3.843069192132396E8             0.2968383651009467
3.84306943311625E8              0.2968383651009467
3.8752028149145836E8            0.2968383651009467
3.8756609015032184E8            0.2968383651009467
3.876109485970502E8             0.2968383651009467
3.8761095565484643E8            0.2968383651009467
3.877372926548465E8             0.2968383651009467
3.8778215110157484E8            0.2968383651009467
3.8825061021457803E8            0.2968383651009467
3.904162007336478E8             0.2974731762391183
3.93224239959712E8              0.2974731762391183
3.9605245003188884E8            0.2974731762391183
3.9605245003188884E8            0.2974731762391183
3.96052457089653E8              0.2974731762391183
3.990892623176471E8             0.2974731762391183
4.0909592315541565E8            0.2974731762391183
4.147181962669455E8             0.2974731762391183
4.204421890671267E8             0.2974731762391183
4.204892301588875E8             0.2974731762391183
4.22778984492205E8              0.2974731762391183
4.228284700563282E8             0.2974731762391183
4.232042099012389E8             0.2974731762391183
4.236558036298404E8             0.2974731762391183
4.276570999725096E8             0.2974731762391183
4.2803272591637254E8            0.2974731762391183
4.2803272591637254E8            0.2974731762391183
4.2803272591637254E8            0.2974731762391183
4.284755254590057E8             0.2974731762391183
4.292870535758796E8             0.2974731762391183
4.2929844424260247E8            0.2974731762391183
4.3011247078780556E8            0.2974731762391183
4.321225292244964E8             0.2974731762391183
4.3429165175036836E8            0.2974731762391183
4.3712512476933795E8            0.29747317624127295
4.3712513182710207E8            0.29747317624127295
4.399184788377943E8             0.2979050188814526
4.399184788377943E8             0.2979050188814526
4.408473691671153E8             0.2979050188814526
4.408473691671152E8             0.2979050188814526
4.4176136102111197E8            0.2979050188814526
4.417613682917658E8             0.2979050188814526
4.490237294553274E8             0.2998824896999199
4.5180860485287523E8            0.2998824896999199
4.526843002603408E8             0.2998824896999199
4.5306320399484694E8            0.2998824896999199
4.538906564765862E8             0.2998824896999199
4.53940179041621E8              0.2998824896999199
4.567989026300278E8             0.2998824896999199
4.568527216478039E8             0.2998824896999199
4.5685273593309104E8            0.2998824896999199
4.5970401983463645E8            0.2998824896999199
4.5975452823269737E8            0.2998824896999199
4.625434223528987E8             0.30045684702817943
4.653289047391262E8             0.3043348689306926
4.679540753819012E8             0.3043348689306926
4.683322174468146E8             0.3043348689306926
4.716540031848681E8             0.30583215995205376
4.7170843487404305E8            0.30583215995205376
4.744950279336358E8             0.30583215995205376
4.744950354732347E8             0.30583215995205376
4.744950354732347E8             0.30583215995205376
4.772805971932741E8             0.3058321599520539
4.7732575300586206E8            0.30583215995205376
4.773566941528911E8             0.30583215995205376
4.778023414029682E8             0.30583215995205376
4.778136707521705E8             0.3058321599520539
4.7786251642846775E8            0.30583215995205376
4.778776833310689E8             0.3092096122577008
4.80745647226757E8              0.30921576502897785
4.815835952146981E8             0.30921576502897785
4.8443487861306953E8            0.3092157650289779
4.844348861526685E8             0.30921576502897785
4.8489096851894295E8            0.30921576502897785
4.8771611146395177E8            0.30921576502897785
4.908050689385004E8             0.30921576502897785
4.9359457898165935E8            0.30921597205634194
4.968752110907372E8             0.3092159725561745
4.9972649448910874E8            0.3092159725561745
5.025777778874802E8             0.3092159725561745
5.0259924104935956E8            0.3092159725561745
5.0288801004934454E8            0.3092159725561745
5.057131529943533E8             0.3093577649474913
5.0615547380775E8               0.3093577649474913
5.1968300101996905E8            0.3093577649474913
5.21372045837087E8              0.3093577649474913
5.241971887820958E8             0.33783588054101504
5.2424721627678084E8            0.33783588054101504
5.2424722381637985E8            0.33783588054101504
5.2468929210548794E8            0.33783588054101504
5.2468996017961043E8            0.33783588054101504
5.2644481875664055E8            0.33783588054101504
5.264448207566406E8             0.33783588054101504
5.2927108297836936E8            0.33783588054101504
5.2927108897836936E8            0.33783588054101504
5.301358894339392E8             0.33783588054101504
5.332842849479463E8             0.339614523618484
5.3547438172330284E8            0.339614523618484
5.355227469802035E8             0.339614523618484
5.381620374038959E8             0.339614523618484
5.382108072185491E8             0.339614523618484
5.402301109205508E8             0.339614523618484
5.40660783450089E8              0.339614523618484
5.414906275428838E8             0.339614523618484
5.443577892839546E8             0.339614523618484
5.463771676918303E8             0.339614523618484
5.472068945534682E8             0.339614523618484
5.498376502621961E8             0.339614523618484
5.527064733284442E8             0.339614523618484
5.527064808680432E8             0.339614523618484
5.55583625880033E8              0.33961448869498884
5.555836333734696E8             0.33961448869498884
5.560257037922984E8             0.33961448869498884
5.591610003118188E8             0.3396144886953761
5.592708903051391E8             0.3396144886953761
5.592709003051391E8             0.3396144886953761
5.5981079591932E8               0.3396144886953761
5.61625498542078E8              0.3396144886953761
5.774227887953196E8             0.3396144886953761
5.783844195387158E8             0.3396144886953761
5.78826487881067E8              0.3396144886953761
5.797396156306565E8             0.3396144886953761
5.825726754424717E8             0.339720027591539
5.854031752342534E8             0.339720027591539
5.854031823824381E8             0.339720027591539
5.854031923843257E8             0.339720027591539
5.882364057361164E8             0.339720027591539
5.910628950107586E8             0.339720027591539
5.910628970107586E8             0.339720027591539
5.919555106741827E8             0.339720027591539
5.91955522198734E8              0.339720027591539
5.919668167506893E8             0.339720027591539
5.947713407053854E8             0.3403061617393818
5.965340990390284E8             0.3403061617393818
5.965341061986063E8             0.3403061617393817
5.965341061986063E8             0.3403061617393817
5.965341133458238E8             0.3403061617393817
5.993440112876029E8             0.34427456715159865
5.993440212913791E8             0.34427456715159865
5.993924687253526E8             0.34427456715159865
5.994037848611648E8             0.34427456715159865
5.994037924007638E8             0.34427456715159865
5.994152675341208E8             0.34427456715159865
5.994152750737197E8             0.34427456715159865
6.022406685718801E8             0.34427456715159865
6.050454968651743E8             0.3442718556258833
6.084087507321551E8             0.3442718556258833
6.11241796683928E8              0.3442718556258833
6.140466194978704E8             0.34440301358785125
6.140965062910805E8             0.34440301358785125
6.140965082891273E8             0.34440301358785125
6.161198898318839E8             0.34440301358785125
6.161198938318839E8             0.34440301358785125
6.170121442464433E8             0.34440301358785125
6.170612384302548E8             0.34440301358785125
6.180002028036072E8             0.34440301358785125
6.200196548108456E8             0.34440301358785125
6.200311226916189E8             0.34440301358785125
6.233608227977321E8             0.34513307733383475
6.26166398377815E8              0.34513307733383475
6.281989562659911E8             0.34513307733383475
6.310536566486841E8             0.34513307733383475
6.330736245449746E8             0.34513307733383475
6.35883231635323E8              0.34513307733383475
6.387124716907246E8             0.34513307733383475
6.387127274004067E8             0.3451424472521264
6.399133222987024E8             0.3463965524429235
6.399624413961079E8             0.3463965524429235
6.399624593961079E8             0.3463965524429235
6.408665276152391E8             0.3463965524429235
6.409150000336801E8             0.3463965524429235
6.437689501113559E8             0.3463965524429235
6.438174939261471E8             0.3463965524429235
6.471116098960769E8             0.3464559405980882
6.471116174448301E8             0.3464559405980882
6.47160089863271E8              0.3464559405980882
6.500132817915677E8             0.3464559405980882
6.529099613661734E8             0.3464578886018999
6.529099689061884E8             0.3464578886018999
6.529586904120828E8             0.3464578886018999
6.57226680784044E8              0.3464578886018999
6.600797038318058E8             0.3464578886018999
6.629327268795675E8             0.3464578886018999
6.63834384377386E8              0.3464578886018999
6.65927562805745E8              0.3464578886018999
6.667627856624563E8             0.3464578886018999
6.695882763250842E8             0.3464578886018999
6.724412993728459E8             0.3522607422165381
6.75252989057831E8              0.3522607422165381
6.760882119145423E8             0.3522607422165381
6.78924442072249E8              0.3522607422165381
6.789244810722326E8             0.3522607422165381
6.789245680353736E8             0.3522607422165381
6.817843936139199E8             0.3522607422165381
6.81784400771005E8              0.3522607422165381
6.846101816902568E8             0.5261454606357437
6.846101855881608E8             0.5261454606357437
6.874359665074123E8             0.5261454606357437
6.874359736549481E8             0.5261454606357437
6.874359836549481E8             0.5261454606357437
6.902892192817968E8             0.5261454606357437
6.90731287624148E8              0.5261454606357437
6.907314782830212E8             0.5261454606357437
6.927009106261544E8             0.5261454606357437
6.955266915454061E8             0.5261454606357437
6.983799271722548E8             0.5264768299962361
7.012498346632065E8             0.5264768299962361
7.040756155824581E8             0.5264768299962361
7.069288512093068E8             0.5264768299962361
7.102177202275543E8             0.5264768299962361
7.106597885699054E8             0.5264768299962361
7.125437611955652E8             0.5264768299962361
7.125440160089699E8             0.5264768299962361
7.13503912376208E8              0.5264768299962361
7.135153875291427E8             0.5264768299962361
7.135153875291427E8             0.5264768299962361
7.163256039869181E8             0.5264762219095752
7.163256039869181E8             0.5264762219095752
7.191788396137668E8             0.5634152970583931
7.218248557007916E8             0.5634152970583931
7.218248628661081E8             0.5634152970583931
7.246506437853597E8             0.5634152970583931
7.267579952936258E8             0.5634152970583931
7.295837762128775E8             0.5634152970583931
7.295952443080392E8             0.5634152970583931
7.295952443080392E8             0.5634152970583931
7.295952533080392E8             0.5634152970583931
7.295952533080392E8             0.5634152970583931
7.295952608538998E8             0.5634152970583931
7.304693262946463E8             0.5634152970583931
7.325362702473397E8             0.5634152970583931
7.325362702473397E8             0.5634152970583931
7.354099525404598E8             0.5634152970583931
7.354099596885343E8             0.5634152970583931
7.382673109626343E8             0.5634152970583931
7.38267318904468E8              0.5634152970583931
7.411206657650263E8             0.5634152970583931
7.423344410873435E8             0.5634152970583931
7.584016757059463E8             0.5734350618888074
7.616037411107264E8             0.5734350618888074
7.616544992046599E8             0.5734350618888074
7.62696595416929E8              0.5734350618888074
7.637828664643741E8             0.5734350618888074
7.637948944730968E8             0.5734350618888074
7.669873254162722E8             0.5734350618888074
7.701797378959739E8             0.5734350618888074
7.733795531278958E8             0.5734350618888074
7.76185117506731E8              0.5734350618888074
7.782072991449416E8             0.5734350618888074
7.782073011449416E8             0.5734350618888074
7.810330820641932E8             0.5734350618888074
7.83059234562746E8              0.5734350618888074
7.83059234562746E8              0.5734350618888074
7.830743287024947E8             0.5734350618888074
7.839675307926917E8             0.5734350618888074
7.839675337406671E8             0.5734350618888074
7.839675408921912E8             0.5734350618888074
7.839675720283616E8             0.5734350618888074
7.839675795862215E8             0.5734350618888074
7.871603307313409E8             0.5734350618888074
7.871605914962112E8             0.5734350618888074
7.90727441657829E8              0.7596608986463294
7.90727443657829E8              0.7596608986463294
7.935532245770807E8             0.7596608986463294
7.935532245770807E8             0.7596608986463294
7.964311926875936E8             0.7596608986463294
7.996355879921566E8             0.7596608986463294
7.996356089921566E8             0.7596608986463294
8.028365902093456E8             0.7599444039143319
8.028365902093456E8             0.7599444039143319
8.028380173662398E8             0.7599444039143319
8.056435817450749E8             0.7599444039143319
8.056435837450749E8             0.7599444039143319
8.0844914812391E8               0.7599444039143319
8.084491521239101E8             0.7599444039143319
8.104591628802683E8             0.7599444039143319
8.132850376138668E8             0.7599444039143319
8.143077807815541E8             0.7599444039143319
8.167095502383322E8             0.7599444039143319
8.195475066370263E8             0.7709470939960769
8.195475066370263E8             0.7709470939960769
8.195479475151124E8             0.7709470939960769
8.195479550715067E8             0.7709470939960769
8.229521053531828E8             0.7709470939960769
8.229521093531828E8             0.7709470939960769
8.261573232592152E8             0.7726540647691164
8.28983365227271E8              0.7726540647691164
8.322063017664683E8             0.7726540647691164
8.322063093326304E8             0.7726540647691164
8.354118776913261E8             0.7726540647691164
8.382174420701611E8             0.7726540647691164
8.38217707171757E8              0.7726540647691164
8.410232715505922E8             0.7726540647691164
8.41060809733772E8              0.7726540647691164
8.415128272542701E8             0.7726540647691164
8.443829716435666E8             0.7726540647691164
8.472586431748956E8             0.7726540647691164
8.472588666232135E8             0.7726540647691164
8.504644349819093E8             0.7726540647691164
8.524459740396956E8             0.7726540647691164
8.652458510657234E8             0.7740246936992707
