0.0                             0.0
0.0                             0.0
0.0                             0.0
0.0                             0.0
0.0                             0.0
0.0                             0.0
0.0                             0.0
4520.0                          0.003833465049732753
4520.0                          0.003833465049732753
18080.0                         0.003833465049732753
18080.0                         0.003833465049732753
18080.0                         0.003833465049732753
18080.0                         0.003833465049732753
8325921.7623131275              0.06637469147157984
1.1120834201055527E7            0.06640536439508017
1.1120834201055527E7            0.06640536439508017
1.1120834201055527E7            0.06640536439508017
1.1120834201055527E7            0.06640536439508017
1.3901042751319408E7            0.0667389980679849
1.6686261177057266E7            0.0667389980679849
1.947021800187683E7             0.0667389980679849
2.2254672153564453E7            0.1525473448150307
2.2254672153564453E7            0.1525473448150307
2.51254847764448E7              0.15638355644604562
2.51254867764448E7              0.15638355644604562
2.791720730716089E7             0.15640524263478445
2.791721330716089E7             0.15640524263478445
3.0711288144317083E7            0.15640524263478445
3.0711288144317083E7            0.15640524263478445
3.0711288144317083E7            0.15640524263478445
3.350322270289135E7             0.1574661505974105
3.350322270289135E7             0.1574661505974105
3.3503229702891346E7            0.15841453791158683
3.629516426146564E7             0.15841453791158683
3.629518026146563E7             0.15841453791158683
3.909595871863408E7             0.15841453791158683
3.909615871863103E7             0.15841786979442132
4.218245964172225E7             0.15847491129886773
4.218245964172225E7             0.15847491129886773
4.218245964172225E7             0.15847491129886773
4.218279557361829E7             0.15847491129886773
4.2182816573618285E7            0.15847491129886773
4.218282034836423E7             0.1603884033863526
4.218282034836423E7             0.1603884033863526
4.2183589444114365E7            0.16045226494910328
4.21898611028164E7              0.16526863881608528
4.21898611028164E7              0.16526863881608528
4.21898611028164E7              0.16526863881608528
4.21898631028164E7              0.16526863881608528
4.764673562847676E7             0.16526863881608528
4.764673562847676E7             0.16526863881608528
4.7646791628476776E7            0.16526863881608528
5.062620686683596E7             0.16526863881608528
5.0626216272248685E7            0.16526863881608528
5.360379540168894E7             0.16542614111076306
5.360433140168894E7             0.16711675821162875
5.360593940166177E7             0.16711675821162875
5.360833105457822E7             0.16880575044298515
5.659191445091207E7             0.16900582899105013
5.659192045091207E7             0.16900582899105013
5.956979828941307E7             0.16900582899105013
6.254767612791407E7             0.16900582899105013
6.255233861474134E7             0.16900582899105013
6.255624410006561E7             0.16900582899105013
6.59800926003652E7              0.1691055891637598
6.6003912642969914E7            0.1691055891637598
6.600392838930702E7             0.1691055891637598
6.600392838930702E7             0.1691055891637598
6.900260019013771E7             0.1691055891637598
7.208357879769045E7             0.16916320118461464
7.509281398005857E7             0.16916320118461464
7.961449098530434E7             0.16916320118461464
7.962197244953932E7             0.16958669594160977
7.96219744475862E7              0.16958669594160977
7.962200248270646E7             0.16958669594160977
7.962215048270646E7             0.17101760690908144
8.05358272669293E7              0.17101760690908144
9.340804396104895E7             0.17175273100079436
9.341360574343286E7             0.17175273100079436
9.341360574343286E7             0.17175273100079436
9.34136077424563E7              0.17175273100079436
9.348261083215222E7             0.5564013524542439
9.348262882655479E7             0.5564013524542439
9.348264363010192E7             0.6964105709269721
9.690766860009854E7             0.6964105709267413
9.690792860009854E7             0.6964105709267413
9.752527260009854E7             0.6964105709267413
9.752527260009854E7             0.6964105709267413
1.0094909714898904E8            0.6972675420844469
1.009491332386837E8             0.6972675420844469
1.009491352386837E8             0.6972675420844469
1.0107630914519824E8            0.6972675420844469
1.0107631514519824E8            0.6972675420844469
1.0450013969408876E8            0.6972675420844469
1.0455052443598942E8            0.6972675420844469
1.0583270043598942E8            0.6972675420844469
1.257916408049137E8             0.6972675420844469
1.257916408049137E8             0.6972675420844469
1.2579165783466357E8            0.6972675420844469
1.2659130882734676E8            0.6972675420844469
1.2659130882734676E8            0.6972675420844469
1.3068874439889134E8            0.6972675420843757
1.3076837027867338E8            0.6992167042253301
1.3076837027867338E8            0.6992167042253301
1.3347518627867337E8            0.6992167042253301
1.3347518627867337E8            0.6992167042253301
1.3743678354139787E8            0.6992167042253301
3.8979494306531084E8            0.6993322021390485
5.097147896402605E8             0.6993322021390485
5.097151056402605E8             0.6993322021390485
5.098991120664032E8             0.6993322021390485
5.098991235831203E8             0.6993322021390485
5.886106644391232E8             0.6993322021390485
5.886587323311135E8             0.7024905132097546
1.1194351527915788E9            0.7024905132097546
1.1194351527915788E9            0.7024905132097546
1.1194351547915788E9            0.7024905132097546
1.1194351547915788E9            0.7024905132097546
1.1195088148690875E9            0.7024905132097546
1.1195088208690875E9            0.7024905132097546
1.1234711924175045E9            0.7024905132097546
1.1243486966069925E9            0.7024905132097546
1.1243486986050394E9            0.7024905132097546
1.1243487102466197E9            0.7024905132097546
1.4837505137545912E9            0.7024905132097546
1.4837505137545912E9            0.7024905132097546
1.4839441391056674E9            0.8427775712570382
4.147657876935134E9             0.8427775712570382
5.658885868921423E9             0.8427775712570382
5.658885870921423E9             0.8427775712570382
5.658892294921423E9             0.8427775712570382
5.658914426002821E9             0.8427775712570382
5.856081756617413E9             0.8427775712570382
1.5514311263787687E10           0.8427775712570382
1.551827288382352E10            0.8427775712570382
1.5522234503859354E10           0.8428084323717818
1.5522234509859354E10           0.8428084323717818
1.55222345296153E10             0.8428084323717818
1.55222345316153E10             0.8428084323717818
1.55222345316153E10             0.8428084323717818
1.55222452516153E10             0.8428084323717818
1.5522270623894598E10           0.8428084323717818
1.5522332027515043E10           0.8428084323717818
1.5522347035515043E10           0.8428084323717818
1.5867406965203539E10           0.8428084323717818
1.7075842414824442E10           0.8428084323717818
1.7079995727604994E10           0.8436380544176451
1.8166338801230927E10           0.8436380544176451
1.8166777811632942E10           0.8436380544176451
1.8170744721345764E10           0.8436380544176451
1.817171462861677E10            0.8436380544176451
1.817171462861677E10            0.8436380544176451
1.817171466053277E10            0.8436380544176451
1.9246993951910454E10           0.8436380544176451
1.925026404012205E10            0.8436380544176451
1.925310075478553E10            0.8436380544176451
1.9267848591799683E10           0.8436380544176451
1.926784860180157E10            0.8436380544176451
1.939572447893726E10            0.8436380544176451
1.9563630009393787E10           0.8447072740298878
2.0638909300771473E10           0.8447072740298878
2.0638909300771473E10           0.8447072740298878
2.073903387742756E10            0.8447072740298878
2.073903387742756E10            0.8447072740298878
2.073951628745528E10            0.8447072740298878
2.1814795578832966E10           0.8447072740298878
2.228556411590907E10            0.8447072740298878
2.228556411590907E10            0.8447072740298878
2.228556413190907E10            0.8447072740298878
2.228556413390907E10            0.8447072740298878
2.2290717660398582E10           0.8447072740298878
2.2290717662398582E10           0.8447072740298878
2.2296862469247505E10           0.8447071775763435
2.2296863319247505E10           0.846724245183968
2.241168105460379E10            0.846724245183968
2.241265912203192E10            0.8467404042341556
2.3490113298615723E10           0.8467404042341556
2.349092150238114E10            0.8467404042341556
2.3490921526106064E10           0.8467404042341556
2.3491745833655987E10           0.8467404042341556
2.349174584366165E10            0.8467404042341556
2.349174754766165E10            0.8467404042341556
2.3491775511403248E10           0.8509365303357451
2.3492255241921158E10           0.8510266787914885
2.3492255247921158E10           0.8510266787914885
2.757574343776676E10            0.8510266787914885
2.757574343976676E10            0.8510266787914885
2.757574397576676E10            0.8510266787914885
2.7690561711123043E10           0.8510266787914885
2.7694827708805218E10           0.8513085992450931
2.7695640422916798E10           0.8513089407087623
2.7695640462916798E10           0.8513089407087623
2.7695640477736736E10           0.8513389839995407
2.7696484140602722E10           0.8513389839995407
2.7696484140602722E10           0.8513389839995407
9.240694999831832E12            0.8513389839995407
9.240699265859812E12            0.8513389839995407
9.240814413611174E12            0.8513389839995407
9.240814413629156E12            0.8513389839995407
9.240814413629156E12            0.8513389839995407
9.240814415237156E12            0.8513389839995407
9.240814415239156E12            0.8513389839995407
9.240818681423074E12            0.8513389839995407
9.240818700873775E12            0.8513389839995407
9.240819512206646E12            0.8514079633863487
9.240819512226152E12            0.8514079633863487
9.240819516514152E12            0.8514079633863487
9.240819516520152E12            0.8514079633863487
9.24082378252287E12             0.8514079633863487
9.24082378507887E12             0.8514079633863487
9.240824807002436E12            0.8514079633863487
9.240825575754318E12            0.8514079633863487
9.691843814253148E12            0.8514079633863487
9.691843814253148E12            0.8514079633863487
9.691843814255148E12            0.8514079633863487
9.691843917348938E12            0.851407963405036
9.691843917364938E12            0.851407963405036
9.691844755419525E12            0.8514079652999029
9.691844767427525E12            0.8514079652999029
9.691844767429525E12            0.8514079652999029
9.691844767463508E12            0.8530985824007685
9.691858597385256E12            0.8548913953888825
9.691861508793309E12            0.8549034455511274
1.0132249359875186E13           0.8549034455511274
1.0132249359877186E13           0.8549034455511274
1.0132249359883186E13           0.8549034455511274
1.0132249359889186E13           0.8549034455511274
1.0132253625891904E13           0.8549034455511274
1.0132258424883383E13           0.8549034455511274
1.0584969461129623E13           0.8549034455511274
1.0584969467561586E13           0.8549034455511274
1.0584970622312303E13           0.8549034458639652
2.913982465371578E13            0.8549034458639652
2.913982465372579E13            0.8549034458639652
3.03234456597062E13             0.8549034458639652
3.03234456597062E13             0.8549034458639652
3.032344566006713E13            0.9960094055132449
3.032344566006913E13            0.9960094055132449
3.0323447582829547E13           0.9960094078190679
3.1492019412710473E13           0.9960094078190679
3.1492019412714473E13           0.9960094078190679
3.1492023684358113E13           0.9960094078190679
3.149202649432445E13            0.9960094078190679
3.149202649434045E13            0.9960094078190679
3.1492031661842324E13           0.9960094078190679
3.1492146491800496E13           0.9960094078190679
3.2658393842852137E13           0.9960094078190679
3.265839384286214E13            0.9960094078190679
3.265839384286214E13            0.9960094078190679
3.265839813312407E13            0.9960094078190679
3.265840137337612E13            0.9960094078190679
3.265840156704264E13            0.9960094984395644
3.265840205849213E13            0.9960155190301481
3.265840206310933E13            0.9960155190301481
3.265840283073155E13            0.9960155190301481
3.265840283098227E13            0.9960155190301481
3.265840284795827E13            0.9960155190301481
3.265840284797427E13            0.9960155190301481
3.265840286962313E13            0.9960155162702632
3.26584057422437E13             0.9960155162702632
3.2658532353597887E13           0.9960155162702632
3.2658535209441555E13           0.9960155162702632
3.2658538073000348E13           0.9960155162702632
3.2658538073002348E13           0.9960155162702632
3.265853811440023E13            0.9960155162702632
3.265854125249742E13            0.9960155162702632
3.265854125962404E13            0.9960155162702632
3.2658542495633E13              0.9960155162702632
3.2658547804441234E13           0.9960155162702632
3.2658547804441234E13           0.9960155162702632
3.2658550159544074E13           0.9960155162702632
3.2658550183400074E13           0.9960155162702632
3.2658553370707152E13           0.9960155162702632
3.2658553425681766E13           0.9960155162702632
3.2658557711088637E13           0.9960155162702632
3.265855820789162E13            0.9960155162702632
3.2658558235707082E13           0.9960155162702632
3.265855824411648E13            0.9960155162702632
3.265855825178448E13            0.9960155162702632
3.265855828245648E13            0.9960155162702632
3.2658559152201363E13           0.9960155162702632
3.265856221090232E13            0.9960155162702632
3.265856221092183E13            0.9960155162702632
3.265856221092183E13            0.9960155162702632
3.265856221113483E13            0.9960155162702632
3.2658562232368164E13           0.9960155162702632
3.2658562232392164E13           0.9960155162702632
3.2658562232394164E13           0.9960155162702632
3.2658562232400164E13           0.9960155162702632
3.2658562232410164E13           0.9960155162702632
3.2658562242399062E13           0.9960155162702632
3.2658566527805934E13           0.9960155162702632
3.2658570004675492E13           0.9960155162702632
3.2658570004675492E13           0.9960155162702632
3.2658570022567492E13           0.9960155162702632
3.2658570022567492E13           0.9960155162702632
3.2658570028546387E13           0.9961056623642517
3.2658570028586387E13           0.9961056623642517
3.2658570069943535E13           0.9961056623642517
3.2658570069959535E13           0.9961056623642517
3.2658570552359023E13           0.9961056623642517
3.2658574837765895E13           0.9961056623642517
3.2658574837765895E13           0.9961056623642517
3.2658577899348492E13           0.9961056623642517
3.265858810637056E13            0.9961056623642517
3.391294139135266E13            0.9961056623642517
3.3912944926800465E13           0.9961056623642517
3.391294846224827E13            0.9961056623642517
3.391294847922427E13            0.9961056623642517
3.3912952764631137E13           0.9961056623642517
3.3912956346834977E13           0.9961056623642517
3.3912960641131457E13           0.9961056623642517
3.3912960670099457E13           0.9961056623642517
3.3913080427356094E13           0.9961056623642517
3.3913083965401453E13           0.9961056623642517
3.3913088295423406E13           0.9961056623642517
3.3913088295429406E13           0.9961056623642517
3.3913088295429406E13           0.9961056623642517
3.5082804170168715E13           0.9961056623642517
3.508280771574691E13            0.9961867559737609
3.5082811254222543E13           0.9961867559737609
3.508293595941292E13            0.9961867559737609
3.5082935980289465E13           0.9961867559737609
3.508293986866515E13            0.9961867559737609
3.5082944328274004E13           0.9961867559737609
3.5082944328277004E13           0.9961867559737609
3.5082944328290004E13           0.9961867559737609
3.625556662887607E13            0.9961867559737609
3.625556664921681E13            0.9961867559737609
3.625557152431246E13            0.9961867559737609
3.625557152432846E13            0.9961867559737609
3.625557351238583E13            0.9961867559737609
3.6255573555910766E13           0.9961867559737609
3.625557356281621E13            0.9961867559737609
4.186846460357231E13            0.9961867559737609
4.186846460362431E13            0.9961867559737609
4.186846815795574E13            0.9962790375284906
4.186847028514291E13            0.9962790375284906
4.18684745746899E13             0.9962790375284906
4.18684745746919E13             0.9962790375284906
4.186848095367219E13            0.9962790375284906
4.186848095367219E13            0.9962790375284906
4.186848096142336E13            0.9962790375284906
4.186848103810336E13            0.996390486556841
4.186848103814336E13            0.996390486556841
4.186848105849873E13            0.996390486556841
4.186848105849873E13            0.996390486556841
4.186848105849873E13            0.996390486556841
4.1868481256871625E13           0.996390486556841
4.186848511300039E13            0.996494230335102
4.186848511363939E13            0.996494230335102
4.186848515623598E13            0.996494230335102
4.186848519883256E13            0.996494230335102
4.1868485198836336E13           0.996494230335102
4.347948932768383E13            0.996494230335102
4.347949140644829E13            0.996494230335102
4.347949341481386E13            0.996494230335102
4.347949341481386E13            0.996494230335102
4.347949416667791E13            0.996494230335102
4.347949416671691E13            0.996494230335102
4.347949416842091E13            0.996494230335102
4.347949773648519E13            0.9964941861118904
4.347949773648719E13            0.9964941861118904
4.3479497761899375E13           0.9964941861118904
4.3479497761915375E13           0.9964941861118904
4.347950138168758E13            0.9964941861118904
4.485551958297202E13            0.9964941861118904
4.485551958311202E13            0.9964941861118904
4.485551964786402E13            0.9964941861118904
4.485552396479931E13            0.9964941861118904
4.485552533685233E13            0.9964941861118904
4.4855529025088484E13           0.9964941861118904
4.485552903781108E13            0.9964941861118904
4.485552903781708E13            0.9964941861118904
4.485552903785708E13            0.9964941861118904
4.485552903787308E13            0.9964941861118904
4.485553260949047E13            0.9964941861118904
4.485553260954085E13            0.9964941861118904
4.4855536181158234E13           0.9964941861118904
4.4855540479087875E13           0.9967638639009643
4.4855540479087875E13           0.9967638639009643
4.4855540479183875E13           0.9967638639009643
4.485554054029097E13            0.9967638639009643
4.485554713919468E13            0.9967638639009643
4.485554713923468E13            0.9967638639009643
4.485554713923468E13            0.9967638639009643
4.485554882740378E13            0.9967638639009643
4.485554882753178E13            0.9967638639009643
4.485554896725978E13            0.9967638639009643
4.485554896726178E13            0.9967638639009643
4.485554896727119E13            0.9967638639009643
4.485554999213732E13            0.9967638639009643
5.336750219708443E13            0.9967638639009643
5.336750232767119E13            0.9967638639009643
5.336750237021666E13            0.9967638639009643
5.33675024131107E13             0.9967638639009643
5.33675024131107E13             0.9967638639009643
5.336750255908616E13            0.9967638639009643
5.336750255909216E13            0.9967638639009643
5.336750690881485E13            0.9967638639009643
5.336750690962285E13            0.9967638639009643
5.3367506916016805E13           0.9967638639009653
5.3367506916491805E13           0.9967638639009653
5.3367506916587805E13           0.9967638639009653
5.33675078302024E13             0.9967641859960195
5.336750785417345E13            0.9967641859960195
5.336750792620545E13            0.9967641859960195
5.336750996347124E13            0.9967641859960195
5.336750996347324E13            0.9967641859960195
5.336751005972924E13            0.9967641859960195
5.336751027630524E13            0.9967641859960195
5.336751027630524E13            0.9967641859960195
5.336751027639216E13            0.9967641859960195
5.3367510283085125E13           0.9967641859960195
5.3367511258837055E13           0.9967641859960195
5.3367511740117055E13           0.9967641859960195
5.336751394225134E13            0.9967641859960195
5.336751397832869E13            0.9967641859960195
5.3367523917237E13              0.9967641859960195
5.336752393899533E13            0.9967641859960195
5.3367523939203234E13           0.9967641859960195
5.336752400098353E13            0.9967641859960195
5.336752402483953E13            0.9967641859960195
5.336752506709668E13            0.9967641859960195
5.336752506845668E13            0.9967641859960195
5.336752516471268E13            0.9967641859960195
5.337270396626948E13            0.9967641859960195
5.337270396648548E13            0.9967641859960195
5.3372715270951234E13           0.9967641859960195
5.3372715270951234E13           0.9967641859960195
5.337271589661523E13            0.9967641859960195
5.3372715896765016E13           0.9967641859960195
5.337271591575198E13            0.9987140168136277
5.337271591575198E13            0.9987140168136277
5.3372715915755875E13           0.9987140168136277
5.3372716060139875E13           0.9987140168136277
5.337271619015403E13            0.9987140168136277
5.337271633453803E13            0.9987140168136277
5.3372721713437586E13           0.9987140168136277
5.3372721717697586E13           0.9987140168136277
5.337272173753048E13            0.9987140168136277
5.337272173785048E13            0.9987140168136277
5.337272451970382E13            0.9987140168136277
5.337276787373679E13            0.9987140168136277
5.337276881561986E13            0.9987140168136277
5.337277206917963E13            0.9987140168136277
5.337277206917963E13            0.9987140168136277
5.337277206941013E13            0.9987140168136277
5.337277345459978E13            0.9987140168136277
5.337277345505578E13            0.9987140168136277
5.337277347203178E13            0.9987140168136277
5.337277729092301E13            0.9990150717804689
5.33727783025038E13             0.9990150717804689
5.337278151469823E13            0.9990150717804689
5.337278350866244E13            0.9990150717804689
5.3372786581929766E13           0.9990150717804689
5.3372786919319695E13           0.9990150717804689
5.337278978074819E13            0.9990150717804689
5.337278978074819E13            0.9990150717804689
5.337278984195226E13            0.9990150717804689
5.337279082082976E13            0.9990150717804689
5.33727945451789E13             0.9990150717804689
5.337279740949243E13            0.9990150717804689
5.337279855960604E13            0.9990182514270487
5.3372798781248914E13           0.9990182514270487
5.337280204430728E13            0.9990182514270487
5.337280531432711E13            0.9990182514270487
5.337280533818311E13            0.9990182514270487
5.337280860530407E13            0.9990182514270487
5.337280863597606E13            0.9990182514270487
5.3372812966148836E13           0.9990182514270487
5.337281299682083E13            0.9990182514270487
5.337281585851159E13            0.9990182514270487
5.337281968931638E13            0.9990182514270487
5.337282296985798E13            0.9990182514270487
5.337282297139578E13            0.9990182514270487
5.337282306511578E13            0.9990182514270487
5.337282633146864E13            0.9990182514270487
5.337282633218864E13            0.9990182514270487
5.337282959676138E13            0.9990182514270487
5.337283245845215E13            0.9990182514270487
5.337283245845215E13            0.9990182514270487
5.337283572302488E13            0.9990182514270487
5.337283573324888E13            0.9990182514270487
5.3372836927854266E13           0.9990182514270487
5.3372840192427E13              0.9990182514270487
5.337284414620225E13            0.9990182514270487
5.337284414620525E13            0.9990182514270487
5.3372847410777984E13           0.9990182514270487
5.3372847410779984E13           0.9990182514270487
5.337284741399297E13            0.9990182514270487
5.337284741399297E13            0.9990182514270487
5.3372851240649945E13           0.9990182514270487
5.3372851296384016E13           0.9990182514270487
5.337285138840002E13            0.9990182514270487
5.337285166955995E13            0.9990182514270487
5.4897522608576766E13           0.9990182514270487
5.489752551697977E13            0.9990182514270487
5.489752551700251E13            0.9990182514270487
5.4897525517012516E13           0.9990182514270487
5.489752686378456E13            0.9990182514270487
5.4897530128357305E13           0.9990182514270487
5.4897530128357305E13           0.9990182514270487
5.489753017258563E13            0.9990205665599804
5.489753603246309E13            0.9990205665599804
5.4897536053127305E13           0.9990205665599804
5.4897537335250945E13           0.9990205665599804
5.489754114914074E13            0.9990205665599804
5.48975411769169E13             0.999048925368998
5.489754424160093E13            0.999048925368998
5.489754435406493E13            0.999048925368998
5.4897548684237695E13           0.999048925368998
5.489755174894052E13            0.999048925368998
5.4897551753746695E13           0.999048925368998
5.4897552999476195E13           0.999048925368998
5.489756079248813E13            0.999048925368998
5.489756461700082E13            0.999048925368998
5.489756768236279E13            0.999048925368998
5.489756883022798E13            0.999048925368998
5.489756883022996E13            0.999048925368998
5.4897570462903695E13           0.999048925368998
5.489757372747644E13            0.999048925368998
5.489757700958523E13            0.999048925368998
5.489757700958523E13            0.999048925368998
5.6806266234551086E13           0.999048925368998
5.680626969566276E13            0.999048925368998
5.680626969566476E13            0.999048925368998
5.680627178482414E13            0.999048925368998
5.6806271784827805E13           0.999048925368998
5.680627178484316E13            0.999048925368998
5.680628450617421E13            0.999048925368998
5.680628450617421E13            0.999048925368998
5.680628907723323E13            0.999048925368998
5.680629019563542E13            0.999048925368998
5.680629530460317E13            0.999048925368998
5.680629533238028E13            0.999048925368998
5.680629651376607E13            0.999048925368998
5.680629651814347E13            0.999048925368998
5.680630084894124E13            0.999048925368998
5.680630485348015E13            0.999048925368998
5.680630485348015E13            0.999048925368998
5.680630818283147E13            0.999048925368998
5.680630946570206E13            0.999048925368998
5.680630946570406E13            0.999048925368998
5.680630946720606E13            0.999048925368998
5.680631330631799E13            0.999048925368998
5.680631663511439E13            0.999048925368998
5.6806319732492766E13           0.999048925368998
5.680632282556702E13            0.999048925368998
5.6806326154363414E13           0.999048925368998
5.680632738429348E13            0.999048925368998
5.680632761944541E13            0.999048925368998
5.680632762245341E13            0.999048925368998
5.6806601643174086E13           0.999048925368998
5.680660497464252E13            0.999048925368998
5.680660882552751E13            0.999048925368998
5.680662559406081E13            0.999055772763906
5.6806625594068305E13           0.999055772763906
5.680663377770685E13            0.999055772763906
5.680664332337948E13            0.999055772763906
5.6806646647575984E13           0.999055772763906
5.680664769968096E13            0.999055772763906
5.680664885362032E13            0.999055772763906
5.680664887747632E13            0.999055772763906
5.680665012506288E13            0.999055772763906
5.68066501250699E13             0.999055772763906
5.717879469960462E13            0.999055772763906
5.717879472736816E13            0.999055772763906
5.717879730224438E13            0.999055772763906
5.717879730224438E13            0.999055772763906
5.717879730225146E13            0.999055772763906
5.717880057558808E13            0.999055772763906
5.7178803662091586E13           0.999055772763906
5.7178803662941586E13           0.999055772763906
5.717880736536392E13            0.999055772763906
5.717880738322178E13            0.9994754352695092
5.717880952499147E13            0.9994754352695092
5.717881261606252E13            0.9994754352695092
5.717881570257803E13            0.9994754352695092
5.717881570257803E13            0.9994754352695092
5.717881570257803E13            0.9994754352695092
5.871386551418806E13            0.9994754352695092
5.8713880140860195E13           0.9994754352695092
5.8713883237065445E13           0.9994754352695092
5.87138872507803E13             0.9994754189482938
5.871390140813736E13            0.9994754189482938
5.8713904310779266E13           0.9994754189482938
5.8713904664860164E13           0.9994754189482938
5.8713904664862164E13           0.9994754189482938
5.871390752068061E13            0.9994754189482938
5.8713911978095625E13           0.9994754189482938
5.871391611154347E13            0.9994754189482938
5.871392020760904E13            0.9994754189482938
5.871392023828104E13            0.9994754189482938
5.871392025635904E13            0.9994754189482938
5.871392029251904E13            0.9994754189482938
5.8713920793349484E13           0.9994754189482938
5.87139208216432E13             0.9994754189482938
5.87139209136592E13             0.9994754189482938
5.871393372128652E13            0.9994754189482938
5.871393372129361E13            0.9994754189482938
5.87139375649513E13             0.9994754189482938
5.87139375649573E13             0.9994754189482938
5.8713941945248195E13           0.9994754189482938
5.871394244607863E13            0.9994754189482938
5.871394351847896E13            0.9994754189482938
5.871394699869987E13            0.9994754189482938
5.871394699872647E13            0.9994754189482938
5.871394741243347E13            0.9994754189482938
5.871395854379185E13            0.9994754189482938
5.87139614124738E13             0.9994754189482938
5.8713965428922016E13           0.9994754189482938
5.8713967127024305E13           0.9994754189482938
5.8713967128336305E13           0.9994754189482938
5.871397276149084E13            0.9994754189482938
5.871397581804837E13            0.9994754189482938
5.871397980173733E13            0.9994754189482938
5.871397980177733E13            0.9994754189482938
5.871398364638511E13            0.9994754189482938
5.871398749006489E13            0.9994754189482938
5.871398872580174E13            0.9994754189482938
5.87139917893977E13             0.9994754189482938
5.871399303934395E13            0.9994754189482938
5.8713993039350984E13           0.9994754189482938
5.871399609797577E13            0.9994754189482938
5.871399612578661E13            0.9994754189482938
5.871399612579364E13            0.9994754189482938
5.87140001094826E13             0.9994754189482938
5.871400315825709E13            0.9994754189482938
5.871400703511923E13            0.9994754189482938
5.871401105156745E13            0.9994754189482938
5.871401410034194E13            0.9994754189482938
5.871401811679016E13            0.9994754189482938
5.871402093569866E13            0.9994754189482938
5.871402374130325E13            0.9994754189482938
5.871402411229658E13            0.9994754189482938
5.8714026914423375E13           0.9994754189482938
5.8714029716341555E13           0.9994754189482938
5.8714029716343555E13           0.9994754189482938
5.871403644645219E13            0.9994754189482938
5.871404044686113E13            0.9994754189482938
5.8714043685112805E13           0.9994754189482938
5.871404716146568E13            0.9994754189482938
5.87140511779139E13             0.9994754189482938
5.871405424806731E13            0.9994754189482938
5.871405424808331E13            0.9994754189482938
5.871405424978731E13            0.9994754189482938
5.8714057488038984E13           0.9994754189482938
5.8714060726290664E13           0.9994754189482938
5.871408556976409E13            0.9999488709702802
5.871408992138089E13            0.9999488709702802
5.8714089949243555E13           0.9999488709702802
5.871409399110694E13            0.9999488709702802
5.871409722935862E13            0.9999488709702802
5.871410125641224E13            0.9999488709702802
5.871410829669686E13            0.9999488709702802
5.871411153494854E13            0.9999488709702802
5.871411153495053E13            0.9999488709702802
5.871411189845101E13            0.9999488709702802
5.871411519333727E13            0.9999488709702802
5.871411844610287E13            0.9999488709702802
5.8714121696810336E13           0.9999488709702802
5.8714121696906336E13           0.9999488709702802
5.8714121696906336E13           0.9999488709702802
5.871412572956761E13            0.9999488709702802
5.871412572956961E13            0.9999488709702802
5.871412688350897E13            0.9999488709702802
5.87141272476819E13             0.9999488709702802
5.87141272544739E13             0.9999488709702802
5.871413049650122E13            0.9999488709702802
5.871413374865193E13            0.9999488709702802
5.8714134268907984E13           0.9999488709702802
5.871413805313437E13            0.9999488709702802
5.8714141303841836E13           0.9999488709702802
5.8714141309805836E13           0.9999488709702802
5.871414130981291E13            0.9999488709702802
5.8714144560520375E13           0.9999488709702802
5.8714145171366305E13           0.9999488709702802
5.871414842207377E13            0.9999488709702802
5.871415169554859E13            0.9999488709702802
5.871415169554859E13            0.9999488709702802
5.871415495323412E13            0.9999488709702802
5.871415911852958E13            0.9999488709702802
5.8714163310736266E13           0.9999488709702802
5.871416730568192E13            0.9999488709702802
5.871417057843397E13            0.9999488709702802
5.871417057844398E13            0.9999488709702802
6.025381014358574E13            0.9999488709702802
6.025381016741774E13            0.9999488709702802
6.02654730158818E13             0.9999488709702802
6.02654874617488E13             0.9999488709702802
6.02654874904805E13             0.9999488709702802
6.026549114840057E13            0.9999488709702802
6.026549513945287E13            0.9999488709702802
6.026549513947086E13            0.9999488709702802
6.026549513947086E13            0.9999488709702802
6.0265495289668484E13           0.9999488709702802
6.0265495289668484E13           0.9999488709702802
6.0265495289668484E13           0.9999488709702802
6.0265498948067516E13           0.9999488709702802
6.026549894811809E13            0.9999488709702802
6.0276754113936234E13           0.9999488709702802
6.0276755269320016E13           0.9999488709702802
6.027675890767399E13            0.9999488709702802
6.027676293934277E13            0.9999488709702802
6.027676372282063E13            0.9999488709702802
6.0276767011123125E13           0.9999488709702802
6.027677213552783E13            0.9999488709702802
6.0276772135740055E13           0.9999488709702802
6.0276775775567164E13           0.9999488709702802
6.027678007801742E13            0.9999488709702802
6.027678007998033E13            0.9999488709702802
6.027678007999215E13            0.9999488709702802
6.0276783353484695E13           0.9999488709702802
6.0276783353484695E13           0.9999488709702802
6.027678335719494E13            0.9999488709702802
6.02767876631676E13             0.9999488709702802
6.027681057340886E13            0.9999488709702802
6.027681097897431E13            0.9999488709702802
6.027681275061982E13            0.9999488709702802
6.027681678244672E13            0.9999488709702802
6.027682099052703E13            0.9999488709702802
6.027682108254303E13            0.9999488709702802
6.027682108254503E13            0.9999488709702802
6.027682511421786E13            0.9999488709702802
6.027682511423929E13            0.9999488709702802
6.0276829176274086E13           0.9999488709702802
6.02768339425696E13             0.9999488709702802
6.02768339833056E13             0.9999488709702802
6.02768382843612E13             0.9999488709702802
6.0276838723216336E13           0.9999488709702802
6.02768396918807E13             0.9999488709702802
6.02768396918827E13             0.9999488709702802
6.027684145778454E13            0.9999488709702802
6.0276844731277086E13           0.9999488709702802
6.027684514298671E13            0.9999488709702802
6.027684514554271E13            0.9999488709702802
6.027684514554471E13            0.9999488709702802
6.0276851898486625E13           0.9999488709702802
6.0276851898490625E13           0.9999488709702802
6.027685570679294E13            0.9999488709702802
6.0276859739206305E13           0.9999488709702802
6.0276859851670305E13           0.9999488709702802
6.0276859882342305E13           0.9999488709702802
6.027686409113996E13            0.9999488709702802
6.02768681033956E13             0.9999488709702802
6.02768681033956E13             0.9999488709702802
6.027687230986267E13            0.9999488709702802
6.027687346390521E13            0.9999488709702802
6.0288098511786445E13           0.9999488709702802
6.0288098511788445E13           0.9999488709702802
6.028810085606418E13            0.9999488709702802
6.028810515711979E13            0.9999488709702802
6.028810810678232E13            0.9999488709702802
6.028810812467432E13            0.9999488709702802
6.028810812469232E13            0.9999488709702802
6.028811217044688E13            0.9999488709702802
6.028811217811488E13            0.9999488709702802
6.028811220896764E13            0.9999488709702802
6.028811352469432E13            0.9999488709702802
6.028811352476332E13            0.9999488709702802
6.028811360260062E13            0.9999488709702802
6.028811689837691E13            0.9999488709702802
6.028811689837891E13            0.9999488709702802
6.028811930911201E13            0.9999488709702802
6.028812361016761E13            0.9999488709702802
6.028812476554272E13            0.9999488709702802
6.028812476555049E13            0.9999488709702802
6.028812478344249E13            0.9999488709702802
6.0288124783450414E13           0.9999488709702802
6.028812480482047E13            0.9999488709702802
6.028812605253525E13            0.9999488709702802
6.028812607060771E13            0.9999488709702802
6.028812611150371E13            0.9999488709702802
6.028813086734648E13            0.9999488709702802
6.028813508757629E13            0.9999488709702802
6.0288139120299914E13           0.9999488709702802
6.028814251468793E13            0.9999488709702802
6.028814273377784E13            0.9999488709702802
6.028814273378581E13            0.9999488709702802
6.028814603680078E13            0.9999488709702802
6.0288146055504E13              0.9999560781437256
6.028814605551E13               0.9999560781437256
6.028814605551759E13            0.9999560781437256
6.028814649052312E13            0.9999560781437256
6.028814653141912E13            0.9999560781437256
6.028814830329723E13            0.9999560781437256
6.028814830333123E13            0.9999560781437256
6.028815252365694E13            0.9999560781437256
6.028815655651154E13            0.9999560781437256
6.028816079409341E13            0.9999560781437256
6.028816205356398E13            0.9999560781437256
6.028816205357998E13            0.9999560781437256
6.0288166128279234E13           0.9999560781437256
6.028817034894525E13            0.9999560781437256
6.02881745765155E13             0.9999560781437256
6.028817862959062E13            0.9999560781437256
6.028817872460584E13            0.9999560781437256
6.028818294543624E13            0.9999560781437256
6.028818471105976E13            0.9999560781437256
6.028818901211536E13            0.9999560781437256
6.028818907289911E13            0.9999560781437256
6.028819082173347E13            0.9999560781437256
6.028819085141704E13            0.9999560781437256
6.028819085141704E13            0.9999560781437256
6.028819085141904E13            0.9999560781437256
6.028819085141904E13            0.9999560781437256
6.028819507224944E13            0.9999560781437256
6.028819910630197E13            0.9999560781437256
6.028819915474057E13            0.9999560781437256
6.0288199308455875E13           0.9999560781437256
6.028819944332307E13            0.9999560781437256
6.028820274301975E13            0.9999560781437256
6.028820710461285E13            0.9999560781437256
6.028820710462045E13            0.9999560781437256
6.0288208691604695E13           0.9999560781437256
6.028821299925786E13            0.9999560781437256
6.028821485275039E13            0.9999560781437256
6.028821888692109E13            0.9999560781437256
6.028822318810117E13            0.9999560781437256
6.028822743020753E13            0.9999560781437256
6.028823080021026E13            0.9999560781437256
6.0288230800236195E13           0.9999560781437256
6.028823107373808E13            0.9999560781437256
6.02882350858932E13             0.9999560781437256
6.028823838801423E13            0.9999560781437256
6.028823845276623E13            0.9999560781437256
6.028823845280623E13            0.9999560781437256
6.028823845280821E13            0.9999560781437256
6.028823845280821E13            0.9999560781437256
6.028824250232673E13            0.9999560781437256
6.028824580444775E13            0.9999560781437256
6.0288250025750945E13           0.9999560781437256
6.028825432693103E13            0.9999560781437256
6.028825432693103E13            0.9999560781437256
6.028825862811112E13            0.9999560781437256
6.0288258628115016E13           0.9999560781437256
6.028826284941821E13            0.9999560781437256
6.028826616225936E13            0.9999560781437256
6.028826616238036E13            0.9999560781437256
6.028827040525369E13            0.9999560781437256
6.0288274627006266E13           0.9999560781437256
6.028827847102212E13            0.9999560781437256
6.028827847102578E13            0.9999560781437256
6.028827847107578E13            0.9999560781437256
6.028827847115384E13            0.9999560781437256
6.028827849896355E13            0.9999560781437256
6.028827849905955E13            0.9999560781437256
6.028828380539857E13            0.9999560781437256
6.028828810657866E13            0.9999560781437256
6.028828810658486E13            0.9999560781437256
6.028828940421019E13            0.9999560781437256
6.028828940421019E13            0.9999560781437256
6.028829270670554E13            0.9999560781437256
6.028829270677646E13            0.9999560781437256
6.028829270678483E13            0.9999560781437256
6.0288298365480305E13           0.9999560781437256
6.02882983654895E13             0.9999560781437256
6.02882983657785E13             0.9999560781437256
6.028830285630805E13            0.9999560781437256
6.028830916472716E13            0.9999560781437256
6.028831319909136E13            0.9999560781437256
6.028831326384336E13            0.9999560781437256
6.028831344010284E13            0.9999560781437256
6.028831472663329E13            0.9999560781437256
6.028831472663329E13            0.9999560781437256
6.028831842633909E13            0.9999560781437256
6.028831842681409E13            0.9999560781437256
6.028831842682159E13            0.9999560781437256
6.028831842682159E13            0.9999560781437256
6.028832246855019E13            0.9999560781437256
6.030245117706905E13            0.9999560781437256
6.030245121008976E13            0.9999560781437256
6.0302455271055266E13           0.9999560781437256
6.0302455271057266E13           0.9999560781437256
6.0302455271730266E13           0.9999560781437256
6.0302455271954266E13           0.9999560781437256
6.030245527196049E13            0.9999560781437256
6.030245930716221E13            0.9999560781437256
6.0302459307174914E13           0.9999560781437256
6.030245933488892E13            0.9999560781437256
6.0302459410563266E13           0.9999560781437256
6.030246901353866E13            0.9999560781437256
6.030246901354626E13            0.9999560781437256
6.030246901355771E13            0.9999560781437256
6.03024690148577E13             0.9999560781437256
6.03024723289987E13             0.9999560781437256
6.030247435378877E13            0.9999560781437256
6.030247766792977E13            0.9999560781437256
6.0302482934982055E13           0.9999560781437256
6.030248859283319E13            0.9999560781437256
6.030249292428976E13            0.9999560781437256
6.030249723518615E13            0.9999560781437256
6.030249723519616E13            0.9999560781437256
6.030249723662116E13            0.9999560781437256
6.030249723680224E13            0.9999560781437256
6.03025049534591E13             0.9999560781437256
6.0302509283233984E13           0.9999560781437256
6.0302512597374984E13           0.9999560781437256
6.0302512597662984E13           0.9999560781437256
6.0302516892384555E13           0.9999560781437256
6.030251833875094E13            0.9999560781437256
6.030251843247094E13            0.9999560781437256
6.030252175023176E13            0.9999560781437256
6.030252175023176E13            0.9999560781437256
6.030252175023376E13            0.9999560781437256
6.030252175023376E13            0.9999560781437256
6.030252297561494E13            0.9999560781437256
6.030252315772673E13            0.9999560781437256
6.030252745241054E13            0.9999560781437256
6.030252756487454E13            0.9999560781437256
6.030252756488041E13            0.9999560781437256
6.030252761936565E13            0.9999560781437256
6.030252885893126E13            0.9999560781437256
6.030253024338436E13            0.9999560781437256
6.030253453806817E13            0.9999560781437256
6.030253453807017E13            0.9999560781437256
6.030253457148752E13            0.9999560781437256
6.030253691100278E13            0.9999560781437256
6.030253691100478E13            0.9999560781437256
6.0302541179608484E13           0.9999560781437256
6.0302541179608484E13           0.9999560781437256
6.030254701063404E13            0.9999560781437256
6.030254949771012E13            0.9999560781437256
6.0302550745971445E13           0.9999560781437256
6.0302550981123164E13           0.9999560781437256
6.0302551073139164E13           0.9999560781437256
6.030255107314638E13            0.9999560781437256
6.030255135430631E13            0.9999560781437256
6.030255175289876E13            0.9999560781437256
6.0302551753257516E13           0.9999560781437256
6.030255581421921E13            0.9999560781437256
6.030255581424716E13            0.9999560781437256
6.030255581425316E13            0.9999560781437256
6.030255588559628E13            0.9999560781437256
6.030255993130786E13            0.9999560781437256
6.030256116801185E13            0.9999560781437256
6.03025612203921E13             0.9999560781437256
6.030256526631451E13            0.9999560781437256
6.0302569318137805E13           0.9999560781437256
6.030257330447291E13            0.9999560781437256
6.030257330447691E13            0.9999560781437256
6.030257669843537E13            0.9999560781437256
6.030258010336041E13            0.9999560781437256
6.030258010336041E13            0.9999560781437256
6.0302584434830805E13           0.9999560781437256
6.030258571516319E13            0.9999560781437256
6.03025881066747E13             0.9999560781437256
6.0302600079772266E13           0.9999560781437256
6.0302600079774266E13           0.9999560781437256
6.030260008211427E13            0.9999560781437256
6.030260412794515E13            0.9999560781437256
6.030260768530039E13            0.9999560781437256
6.030260769413255E13            0.9999560781437256
6.030260769974579E13            0.9999560781437256
6.0302611745576664E13           0.9999560781437256
6.030261533930502E13            0.9999560781437256
6.030261548244102E13            0.9999560781437256
6.030263034588143E13            0.9999560781437256
6.030263464056524E13            0.9999560781437256
6.030263464719492E13            0.9999560781437256
6.030263464719492E13            0.9999560781437256
6.03026347156477E13             0.9999560781437256
6.030263569323241E13            0.9999560781437256
6.030263572136367E13            0.9999560781437256
6.0302640023793984E13           0.9999560781437256
6.0302644325901336E13           0.9999560781437256
6.0302644397394336E13           0.9999560781437256
6.030264826109184E13            0.9999560781437256
6.030264828880371E13            0.9999560781437256
6.0302648299447914E13           0.9999560781437256
6.030264834518208E13            0.9999560781437256
6.030264834519208E13            0.9999560781437256
6.030264919251464E13            0.9999560781437256
6.0302656020170375E13           0.9999560781437256
6.030266032201421E13            0.9999560781437256
6.030266156893738E13            0.9999560781437256
6.030266587078122E13            0.9999560781437256
6.030266589849523E13            0.9999560781437256
6.030266996737285E13            0.9999560781437256
6.030326404161249E13            0.9999560781437256
6.030326404161249E13            0.9999560781437256
6.030326404162009E13            0.9999560781437256
6.030326419932462E13            0.9999560781437256
6.030326654244587E13            0.9999560781437256
6.030326842956496E13            0.9999560781437256
6.030326842956896E13            0.9999560781437256
6.030326844228947E13            0.9999560781437256
6.030327073762391E13            0.9999560781437256
6.030327085678491E13            0.9999560781437256
6.030327085679195E13            0.9999560781437256
6.030327093538672E13            0.9999560781437256
6.0303275249397086E13           0.9999560781437256
6.030327553538208E13            0.9999560781437256
6.030327553538922E13            0.9999560781437256
6.030327958138175E13            0.9999560781437256
6.030327959619796E13            0.9999560781437256
6.030328968268964E13            0.9999560781437256
6.030328970250125E13            0.9999560781437256
6.0303293997185055E13           0.9999560781437256
6.030329984108185E13            0.9999560781437256
6.030329984108185E13            0.9999560781437256
6.030329984108891E13            0.9999560781437256
6.030330060926951E13            0.9999560781437256
6.030330060926951E13            0.9999560781437256
6.030330185308488E13            0.9999560781437256
6.08811446350353E13             0.9999560781437256
6.088114705702677E13            0.9999560781437256
6.088114743371103E13            0.9999560781437256
6.088114752743103E13            0.9999560781437256
6.088114752743302E13            0.9999560781437256
6.088115156848395E13            0.9999560781437256
6.0881155863167766E13           0.9999560781437256
6.088115924664869E13            0.9999560781437256
6.08811630922784E13             0.9999560781437256
6.0881165222905945E13           0.9999560781437256
6.0881169311511445E13           0.9999560781437256
6.088117072311575E13            0.9999560781437256
6.088117301845019E13            0.9999560781437256
6.088117304608873E13            0.9999560781437256
6.088117304626911E13            0.9999560781437256
6.088117421564998E13            0.9999560781437256
6.0881174250576914E13           0.9999560781437256
6.088117425059856E13            0.9999560781437256
6.08811785524424E13             0.9999560781437256
6.088118211057896E13            0.9999560781437256
6.088118211057896E13            0.9999560781437256
6.088118211057896E13            0.9999560781437256
6.0881185955192055E13           0.9999560781437256
6.0881185955194055E13           0.9999560781437256
6.088119138896772E13            0.9999560781437256
6.088119523369058E13            0.9999560781437256
6.088119928067621E13            0.9999560781437256
6.088120358252005E13            0.9999560781437256
6.1237226238884125E13           0.9999560781437256
6.1237231304205555E13           0.9999560781437256
6.1237235646615836E13           0.9999560781437256
6.123723998902583E13            0.9999560781437256
6.123724433143582E13            0.9999560781437256
6.1237244351329266E13           0.9999560781437256
6.123724435133687E13            0.9999560781437256
7.548765486057375E13            0.9999560781437256
7.548765486094753E13            0.9999560781437256
7.54876548609546E13             0.9999560781437256
7.548765890246589E13            0.9999560781437256
7.548765890246589E13            0.9999560781437256
7.548766067954284E13            0.9999560781437256
7.548766173165634E13            0.9999560781437256
7.654612816215069E13            0.9999560781437256
7.654613381670156E13            0.9999560781437256
7.654613390501545E13            0.9999560781437256
7.654613493944158E13            0.9999560781437256
7.654613493944867E13            0.9999560781437256
7.654613499629402E13            0.9999560781437256
7.654613676089872E13            0.9999560781437256
7.654613688652883E13            0.9999560781437256
7.654613807392103E13            0.9999560781437256
7.654613807392838E13            0.9999560781437256
7.654615601116573E13            0.9999560781437256
7.654615601118973E13            0.9999560781437256
7.654615601124173E13            0.9999560781437256
7.757590540089627E13            0.9999560781437256
7.757590974349058E13            0.9999560781437256
7.757591012012789E13            0.9999560781437256
7.757591536127427E13            0.9999560781437256
7.757591550575838E13            0.9999560781437256
7.859968486078381E13            0.9999560781437256
7.859968486079152E13            0.9999560781437256
7.859968486079745E13            0.9999560781437256
7.859968509594903E13            0.9999560781437256
1.1134797983377881E14           0.9999560781437256
1.1134797983377881E14           0.9999560781437256
1.1134797985326314E14           0.9999560781437256
1.1134798172448261E14           0.9999560781437256
1.1134798351275242E14           0.9999560781437256
1.113479835127595E14            0.9999560781437256
1.1134798354147719E14           0.9999560781437256
1.1134798354149542E14           0.9999560781437256
1.1134798357029862E14           0.9999560781437256
1.1134798407112928E14           0.9999560781437256
1.1406200153849472E14           0.9999560781437256
1.1406200155418914E14           0.9999560781437256
1.1406200155473694E14           0.9999560781437256
1.1406200155473694E14           0.9999560781437256
1.1406200155473894E14           0.9999560781437256
1.1406200157150897E14           0.9999560781437256
1.1406200563701766E14           0.9999560781437256
1.1406200688394083E14           0.9999560781437256
1.1682509427045842E14           0.9999560781437256
1.1682509634971183E14           0.9999560781437256
1.1682509634972183E14           0.9999560781437256
1.1682509636548906E14           0.9999560781437256
1.1682509639374245E14           0.9999560781437256
1.1682510070102055E14           0.9999560781437256
1.1682510070102255E14           0.9999560781437256
1.1682510504343514E14           0.9999560781437256
1.1682511003172128E14           0.9999560781437256
1.1682511003172128E14           0.9999560781437256
1.1682511003172889E14           0.9999560781437256
1.168251100877779E14            0.9999560781437256
1.1682511393239325E14           0.9999560781437256
1.1682511393239325E14           0.9999560781437256
1.1682511570881142E14           0.9999560781437256
1.1682511571648436E14           0.9999560781437256
1.1682511577247973E14           0.9999560781437256
1.1682512014812786E14           0.9999560781437256
1.1682512014813386E14           0.9999560781437256
1.168251246957912E14            0.9999560781437256
1.168251246959212E14            0.9999560781437256
1.1682512902545939E14           0.9999560781437256
1.1951735289829306E14           0.9999560781437256
1.1951735590849953E14           0.9999560781437256
1.1951736023489016E14           0.9999560781437256
1.1951736023518216E14           0.9999560781437256
1.1951736023518416E14           0.9999560781437256
1.1951736023519266E14           0.9999560781437256
1.1951736200923297E14           0.9999560781437256
1.1951736200923297E14           0.9999560781437256
1.1951736203714284E14           0.9999560781437256
1.1951736203714884E14           0.9999560781437256
1.195173661067068E14            0.9999560781437256
1.195173661067068E14            0.9999560781437256
1.1951736612248872E14           0.9999560781437256
1.1951736649230748E14           0.9999560781437256
1.1951736774236531E14           0.9999560781437256
1.1951736774237239E14           0.9999560781437256
1.1951736774250839E14           0.9999560781437256
1.1951736774251039E14           0.9999560781437256
1.1951736774255839E14           0.9999560781437256
1.195173720693188E14            0.9999560781437256
1.1951737206933678E14           0.9999560781437256
1.1951737206962478E14           0.9999560781437256
1.1951737641203736E14           0.9999560781437256
1.195173787520513E14            0.9999560781437256
1.1951737875208742E14           0.9999560781437256
1.1951737875210227E14           0.9999560781437256
1.1951738516323895E14           0.9999560781437256
1.1951739066101614E14           0.9999560781437256
1.1951739068123045E14           0.9999560781437256
1.1951739571844266E14           0.9999560781437256
1.1951739577438112E14           0.9999560781437256
1.1951739785171564E14           0.9999560781437256
1.1951740216905934E14           0.9999560781437256
1.1951740216973534E14           0.9999560781437256
1.1951740216974653E14           0.9999560781437256
1.1951740833180848E14           0.9999560781437256
1.1951741401896477E14           0.9999560781437256
1.1951741893377173E14           0.9999560781437256
1.1951742009671517E14           0.9999560781437256
1.1951742572526106E14           0.9999560781437256
1.19517425725949E14             0.9999560781437256
1.1951742572597242E14           0.9999560781437256
1.1951743003341828E14           0.9999560781437256
1.1951743325155661E14           0.9999560781437256
1.1951743637823188E14           0.9999560781437256
1.295602664549202E14            0.9999560781437256
1.2956026645492786E14           0.9999560781437256
1.2956026958160314E14           0.9999560781437256
1.295602706319785E14            0.9999560781437256
1.2956027071829223E14           0.9999560781437256
1.2956027072649673E14           0.9999560781437256
1.295602747741673E14            0.9999560781437256
1.2956027907601112E14           0.9999560781437256
1.330784659422612E14            0.9999560781437256
1.3307848474084642E14           0.9999560781437256
1.3307848483643578E14           0.9999560781437256
1.3307848801779427E14           0.9999560781437256
1.3307849187008319E14           0.9999560781437256
1.3307849621249577E14           0.9999560781437256
1.330784962125145E14            0.9999560781437256
1.3307849622053775E14           0.9999560781437256
1.3307849622053975E14           0.9999560781437256
1.3307850006533936E14           0.9999560781437256
1.3307850006534694E14           0.9999560781437256
1.3307850393180594E14           0.9999560781437256
1.3307850777967802E14           0.9999560781437256
1.3307850904401648E14           0.9999560781437256
1.3307850904401648E14           0.9999560781437256
1.3307850904401848E14           0.9999560781437256
1.3307851007569566E14           0.9999560781437256
1.3307851438316369E14           0.9999560781437256
1.3307851488399412E14           0.9999560781437256
1.3307851801469448E14           0.9999560781437256
1.3307852163884195E14           0.9999560781437256
1.3307852371860819E14           0.9999560781437256
1.3307852630815983E14           0.9999560781437256
1.3307852630817916E14           0.9999560781437256
1.3307852630818116E14           0.9999560781437256
1.3307852630819984E14           0.9999560781437256
1.3307852630819984E14           0.9999560781437256
1.3307852630821584E14           0.9999560781437256
1.3308081810817781E14           0.9999560781437256
1.3308082281958767E14           0.9999560781437256
1.3308082918176678E14           0.9999560781437256
1.3308083346735531E14           0.9999560781437256
1.3308083776919914E14           0.9999560781437256
1.3308084211309223E14           0.9999560781437256
1.3611420861355695E14           0.9999560781437256
1.3611421249940998E14           0.9999560781437256
1.3611421565949952E14           0.9999560781437256
1.3611421670534211E14           0.9999560781437256
1.3611421782097345E14           0.9999560781437256
1.3611422222595033E14           0.9999560781437256
1.3611422222595422E14           0.9999560781437256
1.3611422222595422E14           0.9999560781437256
1.361142222259823E14            0.9999560781437256
1.361142268152824E14            0.9999560781437256
1.3611422774547262E14           0.9999560781437256
1.3611422999268056E14           0.9999560781437256
1.3611423002099338E14           0.9999560781437256
1.3611423436424016E14           0.9999560781437256
1.3611423870700927E14           0.9999560781437256
1.361142387154557E14            0.9999560781437256
1.3611424187488625E14           0.9999560781437256
1.3942565664253666E14           0.9999560781437256
1.3942565919773216E14           0.9999560781437256
1.3942565933222812E14           0.9999560781437256
1.3942565956226811E14           0.9999560781437256
1.3942565956230811E14           0.9999560781437256
1.3942565956234108E14           0.9999560781437256
1.3942565956234708E14           0.9999560781437256
1.3942566272756945E14           0.9999560781437256
1.3942566272759255E14           0.9999560781437256
1.3942566272759255E14           0.9999560781437256
1.3942566376585916E14           0.9999560781437256
1.3942566807330584E14           0.9999560781437256
1.3942567237463044E14           0.9999560781437256
1.3942567676522669E14           0.9999560781437256
1.3942567676560511E14           0.9999560781437256
1.394256818579323E14            0.9999560781437256
1.394256818752579E14            0.9999560781437256
1.3942568187526555E14           0.9999560781437256
1.3942568621984742E14           0.9999560781437256
1.3942569007576095E14           0.9999560781437256
2.971632495578455E14            0.9999560781437256
