2.0             0.0
215492.0        0.0
215494.0        0.0
631000.0        0.020123746540884193
631002.0        0.020123746540884193
738757.0        0.020123746540884193
946523.0        0.09687977048621847
1310200.0       0.09687977048621847
1310202.0       0.09687977048621847
1310210.0       0.09687977048621847
1998024.0       0.18411195286838383
1998028.0       0.18411195286838383
1998033.0       0.18411195286838383
2504862.0       0.18411195286838383
2673815.0       0.18411195286838383
2673820.0       0.18411195286838383
