2.0                     0.0
256161.68307021432      0.0
256163.68307021432      0.0
768478.9302785498       0.011740376866176273
768480.9146535498       0.011740376866176273
1279947.454884131       0.011740376866176273
2301027.4920902825      0.05874310159133364
3515947.6351251146      0.05874310159133364
3515949.6351251146      0.05874310159133364
3515961.6712617315      0.05874310159133364
5887948.4841206875      0.10929823056683667
5887952.4841206875      0.10929823056683667
5887960.923224848       0.10929823056683667
6652986.56354309        0.10929823056683667
7799904.634664187       0.10929823056683667
7799912.247237103       0.10929823056683667
