2.0                             0.0
256161.68307021432              0.0
256163.68307021432              0.0
768478.9302785498               0.011641909672625884
768480.9146535498               0.011641909672625884
1279947.454884131               0.011641909672625884
2301027.4920902825              0.05286098439653764
2301029.4920902825              0.05286098439653764
3515949.6351251146              0.05286098439653764
5887936.4479840705              0.0971066831844672
5887940.4479840705              0.0971066831844672
5887952.4841206875              0.0971066831844672
5887960.923224848               0.0971066831844672
6652986.56354309                0.0971066831844672
7799904.634664187               0.0971066831844672
7799912.247237103               0.0971066831844672
1.1934576632985117E7            0.09867657077819499
1.7155621245633285E7            0.09931387101013872
1.954178558021136E7             0.09931387101013872
1.954178758021136E7             0.09931387101013872
1.954178958021136E7             0.09931387101013872
2.4713875844563685E7            0.188527121775608
2.938164244775439E7             0.2984133201584496
2.93911253635011E7              0.2984133201584496
2.9630595110276844E7            0.2984133201584496
3.2839011459386017E7            0.2984133201584496
3.617984212870553E7             0.2984133201584496
3.990186846943629E7             0.29844859264848794
4.3522349997410744E7            0.29937221689327836
4.3883821181313455E7            0.29937221689327836
4.3890373367363825E7            0.29937221689327836
4.38903808879354E7              0.29937221689327836
4.38903884065592E7              0.29937221689327836
4.438187908301459E7             0.29937221689327836
4.438733749879746E7             0.29937221689327836
4.778975114145584E7             0.3010692076004348
4.8665835314463824E7            0.3744520856238684
4.867155310293343E7             0.44931734524243666
5.204507493879007E7             0.4500115538636576
5.6176217272400156E7            0.45000882034545714
5.935860153785636E7             0.4500007004890236
6.270833116116739E7             0.4650288255307295
6.4605831721467786E7            0.4650288255307295
6.940801716783585E7             0.4650288255307295
7.137373766399647E7             0.4650288255307295
7.45705955166068E7              0.5724738154402605
7.776306895806955E7             0.5724738154402605
8.095554093564002E7             0.5724738179338951
8.321579966107386E7             0.5724738179338951
8.542066909797838E7             0.5724738179338951
8.583055653355005E7             0.5854693047856037
8.583622738926607E7             0.5976163953146256
8.871883827434081E7             0.5976163953146256
9.01583600025839E7              0.5976163953146256
9.015836763313569E7             0.5976163953146256
9.015837516816904E7             0.5976163953146256
9.015838274798143E7             0.5976163953146256
9.225720041127655E7             0.5976163953146256
9.431263666170391E7             0.5976163953146256
9.431264420550732E7             0.5976163953146256
9.431264620550732E7             0.5976163953146256
9.791802717255312E7             0.6950613009161981
9.791803117255312E7             0.6950613009161981
9.9905679632544E7               0.6950613009161981
1.002155867579703E8             0.6950613009161981
1.0342978843518513E8            0.6950613009161981
1.0664399007482126E8            0.6950614208872924
1.0680033633467793E8            0.6950614208872924
1.0680034421469882E8            0.6950614208872924
1.0829525582202378E8            0.6950614208872924
1.0845317830360755E8            0.6950614208872924
1.0987950468709618E8            0.6950614208872924
1.1129044715533406E8            0.6950614208872924
1.1450636242616129E8            0.6950614208872924
1.1780571826345167E8            0.6950614211609267
1.211137447486803E8             0.7130356928954311
1.2433547519375098E8            0.7130356928954311
1.275572056418089E8             0.7130356928954311
1.3077893608879662E8            0.71304146479424
1.3300402542388591E8            0.71304146479424
1.362431744692102E8             0.71304146479424
1.377522729888167E8             0.71304146479424
1.4120762954542446E8            0.714022978682915
1.444478485019663E8             0.714022978682915
1.4767856338797587E8            0.7618637315131871
1.4767857125311744E8            0.7618637315131871
1.476785788485964E8             0.7618637315131871
1.476785864456262E8             0.7618637315131871
1.509093013317124E8             0.7618637315131871
1.541400162177761E8             0.7621414218848722
1.5737073110378963E8            0.7621414218848722
1.5737073871261898E8            0.7621414218848722
1.6060145359863248E8            0.796503921718041
1.6060146119510487E8            0.796503921718041
1.627559465882111E8             0.796503921718041
1.6422299980209848E8            0.796503921718041
1.642286161411235E8             0.7965340128984628
1.6463462000685537E8            0.7965641041298931
1.678653348928689E8             0.7967574147910079
1.7109604977888244E8            0.7967574147910079
1.731108599762953E8             0.7967574147910079
1.7664458108937848E8            0.7969635863773407
1.7664458868585086E8            0.7969635863773407
1.7988327741994736E8            0.7969635863773407
1.831219661540417E8             0.7969635863773407
1.8636447156007114E8            0.7969635863773407
1.8960325338372624E8            0.7969635866375756
1.9286468835718384E8            0.7969635866375756
1.948794985545967E8             0.7969635866375756
1.9632615320091945E8            0.7969635866375756
1.9838088496008676E8            0.7969635866375756
2.0163124951501352E8            0.7969635866375756
2.020293068248307E8             0.7970380521846662
2.0203481090431622E8            0.7970930024934074
2.05298325424231E8              0.7970930024934074
2.0693310658164334E8            0.7970930024934074
2.1018235951899832E8            0.7970930024934074
2.1228862336396056E8            0.7970930024934074
2.1372830047712663E8            0.7970930024934074
2.171700216232641E8             0.7970930024934074
2.1860832696286723E8            0.7970930024934074
2.207243564629552E8             0.7970930024934074
2.207243641558942E8             0.7970930024934074
2.2396894127770802E8            0.7970930024934074
2.2600252485760888E8            0.7970930024934074
2.2924710197942278E8            0.8070540557010373
2.296449102783306E8             0.8093227339621054
2.296504108508651E8             0.8115914122231735
2.3108732537844542E8            0.8115914122231735
2.3433196104273024E8            0.8273809204576066
2.3635935499314776E8            0.8273809204576066
2.396140009926568E8             0.8273809204576066
2.3961400299168023E8            0.8273809204576066
2.428587786903601E8             0.8418179642529856
2.4285878269133666E8            0.8418179642529856
2.428587902931683E8             0.8418179642529856
2.4610369010948247E8            0.8418179652219174
2.493485946095722E8             0.8418179652219174
2.493486006095722E8             0.8418179652219174
2.5137597993305513E8            0.8418179652219174
2.5137599993305513E8            0.8418179652219174
2.5281291446063542E8            0.8418179652219174
2.5295183227281782E8            0.8418179652219174
2.5498497965027776E8            0.8418179652219174
2.5701537964440015E8            0.8418179652219174
2.5702094395145276E8            0.8442077096685714
2.5742327771713826E8            0.8465973561693461
2.6066829452804235E8            0.8465973561693461
2.6391307920910886E8            0.8465973561693461
2.6595170633232394E8            0.8465973561693461
2.6920728860209674E8            0.8471501715399478
2.692072962039616E8             0.8471501715399478
2.7245291262418395E8            0.8471501715399478
2.75698116221641E8              0.8471501715399478
2.777264747652461E8             0.8471501715399478
2.7916340018188035E8            0.8471501715399478
2.8240838907047665E8            0.8471501715399478
2.8240839756904215E8            0.8471501715399478
2.8566490589542E8               0.8471501715399478
2.8769624132411E8               0.8471501715399478
2.9094141905594856E8            0.8545233758884189
2.9237833410205525E8            0.8545233758884189
2.923783361001021E8             0.8545233758884189
2.9562492746336865E8            0.8545233759308685
2.988701276338013E8             0.8550977120263737
2.9887013153170526E8            0.8550977120263737
2.98876197084396E8              0.8550977120263737
3.021213972548287E8             0.8550977120263737
3.0255932194597054E8            0.8550977120263737
3.058050627366754E8             0.8550977120263737
3.058050703812102E8             0.8550977120263737
3.0905075132915616E8            50977120263737
3.09070349634616E8              0.8551115074181036
3.147476143764642E8             0.855109036698451
3.1475439875981796E8            0.8551193523985465
3.1561135182021475E8            0.8551288355444716
3.1562086991215074E8            0.8551449619338763
3.1722490931698704E8            0.8551603942015631
3.204701247321627E8             0.8593721798743063
3.2400817566679144E8            0.8649078647317852
3.240151177944377E8             0.8656973554520405
3.240220496558344E8             0.8669492764195758
3.249205040702582E8             0.8678615265258662
3.258176537214917E8             0.8691188691776078
3.2906743800101244E8            0.8691188691776078
3.310957422078167E8             0.8691188691776078
3.332009431346615E8             0.8691188691776078
3.3320096722378314E8            0.8691188691776078
3.3320097722875696E8            0.8691188691776078
3.352319330465971E8             0.8691188691776078
3.3523194305655086E8            0.8691188691776078
3.384845870014732E8             0.8691188691776078
3.4051554281931335E8            0.8691188691776078
3.4195245786542004E8            0.8691188691776078
3.452020045601837E8             0.8691188691776078
3.453511602863748E8             0.8691188691776078
3.4549479016103005E8            0.8691188691776078
3.455017220646894E8             0.8691188691776078
3.4639887708719057E8            0.8691188691776078
3.4740331089792824E8            0.8707409917162263
3.474110869017434E8             0.8724618396500966
3.475602901623019E8             0.8724618396500966
3.4769358058505905E8            0.8724618396500966
3.509430899473616E8             0.8724621564874132
3.541925993096642E8             0.8724621564874132
3.5746255669092554E8            0.8724631445573131
3.5949747455835885E8            0.8724631445573131
3.627472578062243E8             0.872463145216725
3.659970398251653E8             0.8724631459668479
3.6690015000588614E8            0.8732193720538707
3.6690712876643175E8            0.8739755981408932
3.670488596163427E8             0.8739755981408932
3.7029864917991817E8            0.8739755981408932
3.703056319596265E8             0.8743058589347431
3.703126109211303E8             0.8746840704544802
3.712168193507155E8             0.8750076549436591
3.721199844438796E8             0.8753857566432626
3.735568994899863E8             0.8753857566432626
3.735569014899863E8             0.8753857566432626
3.735569091345211E8             0.8753857566432626
3.7680669125018823E8            0.8756692619112653
3.7680669525018823E8            0.8756692619112653
3.7770986034335226E8            0.8758856289032366
3.77716839304856E8              0.8761019821959909
3.77724026899383E8              0.8763039184078928
3.7865370853106797E8            0.876512731632327
3.786537161756028E8             0.876512731632327
3.786537261756028E8             0.876512731632327
3.800906412217095E8             0.876512731632327
3.800906502217095E8             0.876512731632327
3.800906552217095E8             0.876512731632327
3.800906802217095E8             0.876512731632327
3.800906902217095E8             0.876512731632327
3.800907002217095E8             0.876512731632327
3.833408386971474E8             0.876523190559001
3.853719183290374E8             0.876523190559001
3.874119659922671E8             0.876523190559001
3.90661752565825E8              0.876523190559001
3.9391153913603264E8            0.876523190559001
3.971613258735534E8             0.876523190559001
4.004111124458489E8             0.876523190559001
4.005499520986051E8             0.876523190559001
4.005834210963911E8             0.8791094479401592
4.047808813062898E8             0.8797170502849803
4.081188667759675E8             0.8802423419888991
4.096265591059999E8             0.883097641361364
4.097615212523402E8             0.883097641361364
4.09761528896875E8              0.883097641361364
4.09761536541497E8              0.883097641361364
4.0976154418612564E8            0.883097641361364
4.164236048544384E8             0.883097641361364
4.2424649669110584E8            0.883097641361364
4.242465043365466E8             0.883097641361364
4.261134609534965E8             0.883097641361364
4.2816433101376784E8            0.883097641361364
4.3044709496902615E8            0.883097641361364
4.3248607137368447E8            0.883097641361364
4.324860791732615E8             0.883097641361364
4.3574791077496266E8            0.883097641361364
4.357479184248813E8             0.883097641361364
4.357479260747999E8             0.883097641361364
4.3574793373612607E8            0.883097641361364
4.357562187426123E8             0.883097641361364
4.376854808995399E8             0.883097641361364
4.4094752002336407E8            0.883097641361364
4.442316101425963E8             0.883097641361364
4.461652434065783E8             0.883097641361364
4.471416590821273E8             0.883097641361364
4.5040377497440773E8            0.883097641361364
4.536872619753173E8             0.883097641361364
4.536955928757596E8             0.883097641361364
4.5462723667965156E8            0.883097641361364
4.5558576547187465E8            0.883097641361364
4.555938763608558E8             0.883097641361364
4.574651323840394E8             0.883097641361364
4.596115619525332E8             0.883097641361364
4.6149059700879383E8            0.883097641361364
4.615755194020097E8             0.883097641361364
4.6158637093538547E8            0.883097641361364
4.6158637860559654E8            0.883097641361364
4.6484869818234646E8            0.8847090857967997
4.6815043215683854E8            0.8863197137727293
4.6914045016227186E8            0.8863197137727293
4.7036896715874755E8            0.8863197137727293
4.7038063948349416E8            0.8863197137727293
4.7278475840079296E8            0.8863197137727293
4.72810100313939E8              0.8863197137727293
4.738405092742839E8             0.8863197137727293
4.7385222114260244E8            0.8863197137727293
4.738522287934817E8             0.8863197137727293
4.758911097919922E8             0.8863197137727293
4.779357136197796E8             0.8863197137727293
4.8119846617431486E8            0.8863197137727293
4.844616554092711E8             0.8863197137727293
4.877333864369346E8             0.8863197137727293
4.89772406200065E8              0.8863197137727293
4.9303524794852996E8            0.8874550215348779
4.949067470664972E8             0.8880487771735168
4.9616256460568017E8            0.8880487771735168
4.9720249145477766E8            0.8880487771735168
5.005055927344628E8             0.8880487771735168
5.0237709185243005E8            0.8880487771735168
5.0237709951578903E8            0.8880487771735168
5.0425362043587655E8            0.8880487771735168
5.0613042863388747E8            0.8880487771735168
5.061423000520102E8             0.8880487771735168
5.0718995547220343E8            0.8880487771735168
5.092289752353338E8             0.8880487771735168
5.1026661545290065E8            0.8880487771735168
5.102779882148757E8             0.8880487771735168
5.102893607076465E8             0.8889940597822952
5.1357173657153237E8            0.8889940597822952
5.135717442267365E8             0.8889940597822952
5.1358311953305995E8            0.8889940597822952
5.1545490561997616E8            0.8889940597822952
5.1741970990644175E8            0.8889940597822952
5.184575836645035E8             0.8889940597822952
5.184697565029964E8             0.8893080159184176
5.184811507027746E8             0.8893080159184176
5.217445964274683E8             0.8897805771019921
5.236253704909104E8             0.8897805771019921
5.236253781422565E8             0.8897805771019921
5.2482117009421265E8            0.8900930241161339
5.280935671978973E8             0.8900930241161339
5.299679688277898E8             0.8900930241161339
5.310402396130015E8             0.8900930241161339
5.31051792230428E8              0.8900930241161339
5.310517998912673E8             0.8900930241161339
5.3431533424347574E8            0.8900930241161339
5.3535789996789384E8            0.8900930241161339
5.3535790761948967E8            0.8900930241161339
5.3536930945270485E8            0.8900930241161339
5.353807078037602E8             0.8900930241161339
5.3642327352817833E8            0.8900930241161339
5.374658445265149E8             0.8900930241161339
5.374658521781116E8             0.8900930241161339
5.385084180280992E8             0.8910379551552181
5.417719523803077E8             0.8915105964596074
5.438109721434381E8             0.8915105964596074
5.470745064956466E8             0.8915105964596074
5.503380408478551E8             0.8915105964596074
5.51380611557699E8              0.8915105964596074
5.513920099603939E8             0.8915105964596074
5.514034434347894E8             0.8915105964596074
5.524493112831869E8             0.8915105964596074
5.557128456353954E8             0.8915105964596074
5.567914165891436E8             0.8915105964596074
5.600560305512171E8             0.8915105964596074
5.600692396567488E8             0.8915105964596074
5.621192923063215E8             0.8915105964596074
5.653828367483418E8             0.8917941812422409
5.67262779195291E8              0.8917941812422409
5.693020555371759E8             0.8917941812422409
5.725655999791962E8             0.8917941812422409
5.746101898412144E8             0.8917941812422409
5.778737342832347E8             0.8920777660248743
5.81137278725255E8              0.8920777660248743
5.823514676990281E8             0.8920777660248743
5.843909906625824E8             0.8920777660248743
5.876545351046026E8             0.8920777660248743
5.909394688554544E8             0.8920777660248743
5.942196053815286E8             0.8920777660248743
5.962590025960615E8             0.8920777660248743
5.981335479124295E8             0.8920777660248743
5.991810373887955E8             0.8920777660248743
6.002281002952871E8             0.8920777660248743
6.012818022364277E8             0.8920777660248743
6.012932425404252E8             0.8920777660248743
6.013046828444227E8             0.8920777660248743
6.013161455342E8                0.8920777660248743
6.013276572203759E8             0.8920777660248743
6.023748529075605E8             0.8920777660248743
6.056433357734559E8             0.8920781793735859
6.056433377734559E8             0.8920781793735859
6.056433877734559E8             0.8920785796443924
6.056978057246326E8             0.8920787654798822
6.089617233824508E8             0.8927421771257648
6.089823007059844E8             0.8927421771257648
6.091187865098988E8             0.8927421771257648
6.124152105430456E8             0.8927421771257648
6.124267592901496E8             0.8927421771257648
6.156909547802356E8             0.8927421771257648
6.189551507473031E8             0.8927421771257648
6.222193462413974E8             0.8927421771257648
6.254835650097895E8             0.8927421771257648
6.265409187008483E8             0.8927421771257648
6.275885249325368E8             0.8927421771257648
6.276000790344646E8             0.8927421771257648
6.308694266516944E8             0.8927421771257648
6.34139481051103E8              0.8927421771257648
6.374037990561341E8             0.8927421771257648
6.392785679258844E8             0.8927421771257648
6.425428533942826E8             0.8927421771257648
6.445982042585816E8             0.8927421771257648
6.446096953650639E8             0.8927421771257648
6.446211428614435E8             0.8927421771257648
6.478854283298416E8             0.8927421771257648
6.478854359860214E8             0.8927421771257648
6.499312582600777E8             0.8927421771257648
6.518058006281886E8             0.8927421771257648
6.518058082801253E8             0.8927421771257648
6.528574361250464E8             0.8927421771257648
6.561217215934445E8             0.8927421771257648
6.579962639615554E8             0.8927421771257648
6.612605494299536E8             0.8927421771257648
6.631350917980645E8             0.8927421771257648
6.663993772664626E8             0.8927421771257648
6.674468507445011E8             0.8927421771257648
6.707111362128992E8             0.8927421771257648
6.7401950015661E8               0.8927421771257648
6.772841221019189E8             0.8927421771257648
6.805487440472279E8             0.8927421771257648
6.824233896679497E8             0.8927421771257648
6.857335179009737E8             0.8927421771257648
6.867809913790122E8             0.8927421771257648
6.867809990307252E8             0.8927421771257648
6.900459605751963E8             0.8927421771257648
6.933286947015272E8             0.8927421771257648
6.965937869267472E8             0.8927421771257648
6.965937945936015E8             0.8927421771257648
6.986883742657186E8             0.8927421771257648
7.019658082646838E8             0.8930226579964553
7.052309899230468E8             0.8930226579964553
7.084961715814098E8             0.8930226579964553
7.103779408497463E8             0.8930226579964553
7.136816966487225E8             0.8931129318338878
7.16947151882551E8              0.8931129318338878
7.188263344028423E8             0.8931129318338878
7.207055169231336E8             0.8931129318338878
7.239709721569622E8             0.8931129318338878
7.272364273907905E8             0.8931129318338878
7.272566539805081E8             0.893117059945146
7.283048425484118E8             0.893117059945146
7.283162974433949E8             0.893117059945146
7.293637834668698E8             0.893117059945146
7.293752386411381E8             0.893117059945146
7.293951860427761E8             0.893121557510125
7.294068240538049E8             0.893121557509845
7.304935972695124E8             0.8931215575095643
7.315422182328262E8             0.8931215575088028
7.315536717412269E8             0.8931215575080443
7.348191954975641E8             0.8931215575080443
7.380847268015556E8             0.8931215575080443
7.380847347273846E8             0.8931215575080443
7.380847423855257E8             0.8931215575080443
7.391329021112018E8             0.8932618726864203
7.391329097693665E8             0.8932618726864203
7.39144361044374E8              0.8934021878702304
7.39144368718636E8              0.8934021878702304
7.391443763800056E8             0.8934021878702304
7.424098326041949E8             0.8934021878702304
7.424098896041949E8             0.8934021878702304
7.424159437640307E8             0.8934021878702304
7.424159514225993E8             0.8934021878702304
7.456814076467886E8             0.8934021878702304
7.47721261569674E8              0.8934021878702304
7.509867180981629E8             0.8934021878702304
7.54252175100285E8              0.8934021878702304
7.575176321874967E8             0.8934021878702304
7.57517639846034E8              0.8934021878702304
7.607830960831056E8             0.8934021878702304
7.618446136511233E8             0.8934083894387789
7.651100698881948E8             0.8934139909038162
7.683755261252666E8             0.8934139909038162
8.085216981496726E8             0.8934139909038162
8.096120034047059E8             0.893424900040007
8.128812697360821E8             0.8934347065768713
8.174348113793387E8             0.8934347065768713
8.209170809332144E8             0.8934347065768713
8.221083475094454E8             0.8934331779074685
8.253742856096556E8             0.8934413974293254
8.28342808515069E8              0.8934413974293254
8.50900405374167E8              0.8934650294945448
8.519527233628368E8             0.8934730323701604
8.552195040918798E8             0.8934730323701604
8.566340313252988E8             0.8934730323701604
8.598995233359334E8             0.8934730323701604
8.599145149399626E8             0.8934730323701604
