12373.990344450965                  0.3845571584108733
12459.141881566815                  0.525572671215553
12546.052273365225                  0.6657692627103093
12552.280758036308                  0.8057784811830373
12554.280758036308                  0.8057784811830373
12556.280758036308                  0.8057784811830373
12602.280758036308                  0.8908190170147074
5879509.366150315                   0.9533992037132948
5879942.455758517                   0.9533992037132948
9824512.57135748                    0.9537754593033704
1.0080672254427694E7                0.9537754593033704
1.0081322254427694E7                0.9537754593033704
1.059282858855195E7                 0.9537754593033704
1.059283057292695E7                 0.9537754593033704
1.45983841953365E7                  0.9562137416794599
2.002249225907476E7                 0.9562137416794599
2.0022502833160657E7                0.9562137416794599
2.1449317591778066E7                0.9572829612917028
2.526827732663646E7                 0.9576774497675874
2.5333858012196187E7                0.9576773533140432
2.5334312860651005E7                0.9576773505541589
2.8928224335430007E7                0.9588957729112397
3.234741028512292E7                 0.9588957729112397
3.234741228512292E7                 0.9588957729112397
3.2347416011098035E7                0.9588957729112397
3.356229636023919E7                 0.9588957729112397
3.356419436023639E7                 0.9608170937371703
3.709200803259562E7                 0.9657415221209764
4.0332988464135766E7                0.9699129644546568
4.289098740176506E7                 0.9744670727680711
4.6353468504809916E7                0.9744670727680711
4.97284902359655E7                  0.9744670727680711
5.2964763892049976E7                0.9745089737917245
5.620785497513337E7                 0.9745665858125794
5.626236580776937E7                 0.9787627119141689
5.783192992480334E7                 0.9787627119141689
5.783193640481605E7                 0.9787627119141689
5.88351662170333E7                  0.9819004823953681
5.883518409885916E7                 0.9819004823953681
6.296379718026432E7                 0.9819004823953681
6.2963799180264324E7                0.9819004823953681
6.296380118026432E7                 0.9819004823953681
6.6221361896357924E7                0.9819004823953681
6.622221189635791E7                 0.984028999031343
6.622222589500526E7                 0.9859725344096063
6.6233293018382385E7                0.9879223652272144
6.832997209741813E7                 0.9897810769636143
6.869764407092085E7                 0.9915631571070558
6.870786654062387E7                 0.9933442210525204
6.907045971698494E7                 0.9933442210525204
7.091014453778574E7                 0.9934121040781841
7.091184853778572E7                 0.9934121040781841
8.279672089888234E7                 0.9934121040781841
8.280350296236879E7                 0.9934121040781927
8.317130827307943E7                 0.9934121059730621
8.538760721117446E7                 0.9934121059730621
8.604444483261123E7                 0.9934121988994514
8.891850227305405E7                 0.9934121988994514
8.892827290303756E7                 0.9934121989401355
6.020379713374461E9                 0.9934121989401355
6.020383973374461E9                 0.9934121989401355
6.020404647843962E9                 0.9948431099076074
6.0242194899799E9                   0.9948431099076074
6.02428030204926E9                  0.9948431099262948
6.02812738890289E9                  0.9948431099262948
6.0319003565804405E9                0.9948431099262948
6.627651137979037E9                 0.9960045309465928
6.627651139979037E9                 0.9960045309465928
6.631962404428857E9                 0.9961235155349625
6.635913280001304E9                 0.9961235155349625
6.639710994522043E9                 0.9969804866926679
6.643622939333857E9                 0.9978101087385312
6.643638763609887E9                 0.9978101087385312
6.647483818584355E9                 0.9978101087385312
6.647483831736517E9                 0.9978101087385312
6.651286528225255E9                 0.9978101087385312
6.655156744508435E9                 0.9978101087385312
7.300041460623408E9                 0.9978101087385312
7.300051032052647E9                 0.9978101087385312
7.301391576989177E9                 0.9978101087385312
7.304438149260897E9                 0.9978101087385312
7.305354628210763E9                 0.9978101087385312
7.904327178876876E9                 0.9978101087385312
8.514243762378254E9                 0.9978101087385312
8.514251870465328E9                 0.9978101087385312
8.514259914271655E9                 0.9978101087385312
8.516965337816433E9                 0.9978101087385312
8.517909582435848E9                 0.9978101087385312
8.5179375670366535E9                0.9978379500535548
3.682868889898928E11                0.9978379500535548
3.682877970114063E11                0.9982819854000571
3.6829162130184644E11               0.9982819854000571
3.6829543880676483E11               0.9982819854000571
3.68295438814283E11                 0.9982819854000571
3.682984249705874E11                0.9982819854000571
3.682984249745874E11                0.9982819854000571
3.6830053804043304E11               0.9982819854000571
3.6830053805243304E11               0.9982819854000571
3.683005658008653E11                0.9982819854000571
1.0381816584530771E12               0.9982819854000571
2.9154659477122075E12               0.9982819854000571
2.915465955705196E12                0.9987016479056607
2.915465965929196E12                0.9987016479056607
2.915465965959196E12                0.9987016479056607
2.9154659936478936E12               0.9987016479056607
2.9154659936998936E12               0.9987016479056607
2.9154659937273896E12               0.9987016479056607
2.9154659937674277E12               0.9987016479056607
2.915466909282842E12                0.9987019893693299
3.1081671605826406E12               0.9987019893693299
3.2847165126841685E12               0.9987019893693299
3.2847203273878047E12               0.9987019893693299
3.461627450970815E12                0.9987019893693299
3.6389688031894634E12               0.9987019893693299
3.8125488566348516E12               0.9987019893693299
3.8125526719226743E12               0.9987019893693299
3.8125546772718022E12               0.9987019893693299
3.8125566588167036E12               0.9987019893693299
3.8125575687220063E12               0.9987019893693299
3.8125575688620063E12               0.9987019893693299
3.8125575768549946E12               0.9987019893693299
3.8125575771749946E12               0.9987019893693299
3.8125613842909897E12               0.9990356230422346
3.8125613842985107E12               0.9990356230422346
3.812561384306141E12                0.9990356230422346
3.8125613843136753E12               0.9990356230422346
3.812562293005024E12                0.9991352938301226
3.812562293012563E12                0.9991352938301226
3.8125623010055513E12               0.9992349621897955
3.9862403763573647E12               0.9992349621897955
3.98624418347336E12                 0.999265823304539
3.986247990589354E12                0.9992966844192827
3.9862517977053486E12               0.9995786048728872
3.986255604821345E12                0.9995786048728872
3.9862556132077393E12               0.9995786048728882
3.9862565720731914E12               0.9995786051857258
3.986260379211606E12                0.9995786051857258
3.986260379219563E12                0.9995786051857258
3.9862641863361978E12               0.9995786051857258
3.986264186343833E12                0.9995786051857258
3.9862679934604697E12               0.9995786051857258
3.9862689052876987E12               0.9996475845725341
4.1742924521958184E12               0.9996475845725341
4.174296259886986E12                0.9996475845725341
4.174300067360899E12                0.9996475845725341
4.1743128256960938E12               0.9996475845725341
4.174312853376275E12                0.9996475845725341
4.1743168842966714E12               0.9996475845725341
4.174318018955211E12                0.9996475845725341
4.1743220809723013E12               0.9996475845725341
4.1743261518580913E12               0.9996475845725341
4.174326151876703E12                0.9996475845725341
4.174330188749737E12                0.9996475845725341
4.1743322680822896E12               0.9996475845725341
4.1743363008839907E12               0.9996475845725341
4.956373805940819E12                0.9996475845725341
4.9563778386814E12                  0.9998050868672118
5.154623738097051E12                0.9998898740957816
5.154627790134121E12                0.9998898740957816
5.154628810762113E12                0.999906033145969
5.154632843849166E12                0.999906033145969
5.15463687695253E12                 0.999906033145969
5.154640910049586E12                0.999906033145969
1.0967543401307088E13               0.999906033145969
1.0967543401314674E13               0.999906033145969
1.0967543401322322E13               0.999906033145969
1.0967547434409902E13               0.9999277193347078
1.09675474344119E13                 0.9999277193347078
1.09675474480439E13                 0.9999277193347078
1.0967550016786793E13               0.9999277193347078
1.096755001680712E13                0.9999277193347078
2.9825845101290844E13               0.9999277193347078
2.982584602072192E13                0.9999277193347078
2.982584602875397E13                0.9999277193347078
2.9825848055697113E13               0.9999277193347078
2.982585208878469E13                0.9999277193347078
2.982585209680651E13                0.9999277193347078
2.98258561298941E13                 0.9999277193347078
4.2988148644201914E13               0.9999277193347078
4.298815268577186E13                0.9999277193347078
4.298815671901676E13                0.9999277193347078
4.298816075226181E13                0.9999277193347078
4.298816077997184E13                0.9999277193347078
4.447104720672533E13                0.9999277193347078
4.595340620344562E13                0.9999277193347078
4.595340823038877E13                0.9999277193347078
4.595340823039266E13                0.9999277193347078
4.595340823040017E13                0.9999277193347078
4.595341226364482E13                0.9999277193347078
4.5953416298662234E13               0.9999277193347078
4.5953416327818266E13               0.9999277193347078
4.595341632784338E13                0.9999277193347078
4.7435775324563695E13               0.9999277193347078
4.7435775347567695E13               0.9999277193347078
4.7435775396131695E13               0.9999277193347078
4.743577942940693E13                0.9999277193347078
4.743577942941486E13                0.9999277193347078
4.743577942942247E13                0.9999277193347078
4.74357834626977E13                 0.9999277193347078
4.743578749597294E13                0.9999277193347078
4.743579152924816E13                0.9999277193347078
4.7435795562523414E13               0.9999277193347078
4.743579556253104E13                0.9999277193347078
4.7435795562538625E13               0.9999277193347078
4.743579559035272E13                0.9999277193347078
4.743579962362797E13                0.9999277193347078
4.74358036569032E13                 0.9999277193347078
4.743580769017845E13                0.9999277193347078
4.743581175357752E13                0.9999277193347078
4.891817075029785E13                0.9999277193347078
4.891817483698675E13                0.9999277193347078
4.891817499256797E13                0.9999277193347078
4.891817514177323E13                0.9999277193347078
4.8918176059727E13                  0.9999277193347078
4.8918176059734625E13               0.9999277193347078
4.891817623386239E13                0.9999277193347078
4.8918176361662375E13               0.9999277193347078
4.8918176642822336E13               0.9999277193347078
4.891818430773647E13                0.9999277193347078
4.89181883422402E13                 0.9999277193347078
4.891818834224781E13                0.9999277193347078
5.040054733896812E13                0.9999277193347078
5.0400547483258586E13               0.9999277193347078
5.040054748326684E13                0.9999277193347078
1.228411273965277E14                0.9999277193347078
1.228411275437129E14                0.9999277193347078
1.2642659292318367E14               0.9999277193347078
1.2642660063202714E14               0.9999277193347078
1.2642660065205161E14               0.9999277193347078
1.2993844096264114E14               0.9999277193347078
1.2993844238837638E14               0.9999277193347078
1.3346448897497273E14               0.9999277193347078
1.334644930176502E14                0.9999277193347078
1.3346449301765794E14               0.9999277193347078
1.3346449301766556E14               0.9999277193347078
1.3346449304547562E14               0.9999560781437256
1.3346449708009611E14               0.9999560781437256
1.3346450111471662E14               0.9999560781437256
1.370773535641238E14                0.9999560781437256
1.3707735406495423E14               0.9999560781437256
1.3707735409375745E14               0.9999560781437256
1.6249450940740797E14               0.9999560781437256
1.6249453453951747E14               0.9999560781437256
1.6249454030146212E14               0.9999560781437256
1.6249454464452603E14               0.9999560781437256
1.624945489875899E14                0.9999560781437256
1.624945489876165E14                0.9999560781437256
1.6249454898762422E14               0.9999560781437256
1.6249454898763197E14               0.9999560781437256
1.6249454898764197E14               0.9999560781437256
1.6249454898764975E14               0.9999560781437256
1.6249455333071372E14               0.9999560781437256
1.624945576741234E14                0.9999560781437256
1.624945620171918E14                0.9999560781437256
1.6249456637395328E14               0.9999560781437256
1.6249457071921512E14               0.9999560781437256
